7680
0.064
0.240
0.221
0.267
0.249
0.230
0.313
0.291
0.397
0.206
0.318
0.299
0.307
0.258
0.342
0.238
0.189
0.246
0.298
0.228
0.203
0.318
0.211
0.091
0.276
0.169
0.155
0.119
0.211
0.160
0.062
0.145
0.141
0.114
0.050
0.087
0.091
0.156
0.026
0.005
0.065
-0.010
-0.126
0.070
0.064
0.094
0.102
-0.096
0.036
0.026
-0.041
0.051
-0.179
0.098
-0.180
-0.110
0.055
0.046
0.055
-0.170
-0.046
-0.047
-0.084
-0.172
-0.078
-0.042
-0.074
-0.221
-0.115
-0.051
-0.003
-0.392
-0.138
0.038
-0.105
0.007
0.063
-0.225
0.189
-0.258
0.183
-0.483
-0.085
-0.106
-0.196
0.202
0.033
-0.188
-0.367
0.043
0.076
0.019
-0.057
-0.037
0.042
-0.249
0.141
-0.832
-0.239
0.017
-0.194
-0.491
0.334
0.402
-0.303
-0.395
0.196
-0.077
0.030
-0.230
-0.190
0.076
-0.673
0.002
-0.178
-0.444
0.258
-0.202
-0.150
-0.186
-0.546
-0.125
-0.335
0.158
0.054
-0.293
-0.077
0.080
0.011
-0.097
-0.431
0.027
0.344
-0.004
-0.118
-0.569
-0.048
0.316
0.575
0.032
-0.090
0.101
0.305
-0.267
-0.596
-0.269
-0.186
0.017
0.039
0.103
-0.290
-0.115
-0.244
0.322
0.041
-0.170
-0.316
-0.178
-0.137
0.013
0.178
0.019
0.201
-0.315
0.356
0.195
0.073
0.225
-0.064
-0.102
-0.453
0.174
-0.341
-0.351
0.625
0.179
0.094
0.182
-0.412
0.088
0.076
-0.092
-0.118
0.194
-0.407
-0.265
0.467
0.071
0.573
-0.503
0.063
-0.323
0.010
-0.041
0.175
0.255
-0.103
0.145
0.343
0.000
-0.334
-0.513
-0.226
0.275
0.459
-0.097
-0.215
0.183
0.216
0.093
0.196
0.090
-0.100
-0.176
-0.007
0.316
-0.559
-0.055
0.239
-0.139
-0.227
-0.049
-0.129
0.179
-0.079
-0.059
0.717
0.454
0.407
-0.182
0.512
-0.195
0.222
0.232
-0.084
0.299
0.024
-0.096
0.758
-0.319
-0.090
-0.099
-0.182
-0.317
-0.094
0.425
0.143
-0.536
0.230
-0.101
-0.253
0.257
-0.038
0.389
0.066
0.312
-0.147
0.026
-0.173
-0.092
-0.094
-0.039
-0.008
0.032
-0.001
-0.045
-0.038
0.062
0.039
0.143
0.164
0.159
0.074
0.114
0.133
0.190
0.285
0.198
0.241
0.234
0.192
0.178
0.188
0.175
0.126
0.242
0.209
0.180
0.218
0.231
0.107
0.210
0.154
0.122
0.174
0.211
0.275
0.245
0.225
0.063
0.074
0.372
0.246
0.253
0.172
0.153
0.253
0.293
0.112
0.130
0.065
0.042
0.076
0.077
0.196
0.230
0.335
0.098
0.073
0.364
0.120
0.248
0.108
0.145
0.081
0.100
0.198
0.118
0.215
0.069
0.182
0.173
0.089
0.244
0.004
0.068
0.172
0.135
0.128
-0.032
0.051
-0.115
0.177
0.100
0.461
0.321
-0.383
0.394
0.177
0.043
0.086
-0.235
-0.029
-0.107
0.439
0.171
0.046
0.159
0.104
-0.235
-0.005
0.291
-0.208
-0.173
-0.459
-0.673
0.153
0.509
0.015
-0.415
-0.274
0.194
0.356
0.017
0.344
-0.479
0.493
0.637
0.306
-0.647
-0.048
-0.295
0.325
-0.352
0.657
0.215
-0.258
0.199
0.515
0.103
0.043
-0.055
-0.027
0.437
0.558
-0.364
-0.387
-0.221
-0.092
0.246
-0.021
-0.110
0.170
-0.067
0.124
0.530
0.368
0.288
-0.246
0.191
-0.409
0.292
-0.327
-0.325
-0.081
0.121
-0.232
-0.189
0.360
0.037
-0.035
-0.524
0.140
-0.630
-0.763
0.068
0.230
0.094
0.279
-0.006
0.503
-0.228
-0.164
-0.160
-0.247
0.358
0.320
-0.756
0.834
-0.187
0.129
-0.001
-0.097
0.430
-0.398
0.055
-0.071
-0.226
0.357
0.255
-0.490
0.518
-0.350
-0.287
0.405
-0.106
0.195
0.176
0.260
-0.366
-0.321
-0.451
0.289
-0.374
-0.524
-0.280
-0.238
-0.508
-0.455
-0.603
-0.063
-0.082
0.549
0.379
-0.262
0.654
0.321
-0.577
0.016
-0.617
0.235
-0.420
0.328
0.232
-0.429
-0.083
-0.151
0.262
-0.264
-0.451
-0.242
0.609
-0.124
-0.084
-0.377
0.088
0.228
0.281
0.421
-0.280
0.169
-0.489
0.020
-0.087
-0.318
-0.190
-0.418
-0.651
-0.009
-0.393
-0.269
-0.422
0.088
0.274
0.200
0.474
-0.047
0.269
0.048
0.103
0.344
0.038
0.004
0.158
0.357
0.254
0.201
0.334
-0.228
0.420
0.393
0.226
0.359
-0.005
0.006
0.225
0.327
-0.085
0.504
0.351
0.688
0.112
0.390
-0.168
0.365
0.007
-0.251
0.227
0.788
-0.125
-0.579
-0.227
-0.032
0.514
0.262
-0.198
0.139
0.162
-0.034
0.124
-0.070
0.321
0.029
0.522
-0.040
-0.214
0.116
0.072
-0.155
0.626
-0.264
0.284
0.270
0.013
0.046
0.039
0.308
0.123
-0.225
-0.172
-0.087
-0.035
-0.209
-0.406
0.268
0.148
0.041
-0.389
0.437
0.090
-0.182
-0.131
0.083
-0.398
0.098
-0.138
-0.344
-0.745
-0.488
0.395
-0.253
-0.001
0.029
0.091
-0.223
-0.321
0.468
-0.458
-0.085
0.074
0.578
0.532
-0.700
-0.290
-0.167
-0.371
-0.301
-0.638
-0.003
0.007
-0.406
0.159
-0.063
-0.136
0.322
-0.166
0.631
0.049
-0.180
0.607
0.362
-0.198
-0.125
-0.072
-0.052
-0.169
0.125
0.312
0.232
0.088
0.333
-0.465
-0.346
0.298
0.536
0.195
-0.024
0.145
-0.009
0.248
0.809
-0.251
-0.036
-0.223
0.271
-0.114
-0.161
0.156
-0.331
0.011
-0.842
-0.472
0.102
0.454
-0.425
-0.037
0.131
0.073
0.072
0.373
-0.016
-0.175
0.292
0.417
0.256
-0.307
-0.538
0.451
0.384
-0.578
0.205
-0.273
-0.122
-0.665
0.011
0.519
0.175
-0.509
0.405
-0.143
-0.009
-0.462
0.334
-0.096
-0.442
0.419
-0.450
-0.029
0.316
0.127
0.018
-0.446
0.525
0.306
0.130
0.162
-0.061
-0.136
-0.225
0.161
-0.630
0.594
-0.503
-0.135
0.700
0.495
0.126
0.034
-0.055
0.125
0.132
-0.455
0.257
0.323
-0.423
0.111
-0.112
-0.169
0.133
-0.167
0.011
0.428
-0.003
-0.254
0.085
-0.496
0.149
-0.301
0.036
0.173
0.117
-0.291
0.188
-1.006
-0.055
0.220
-0.005
-0.060
0.745
0.129
-0.326
0.610
-0.291
-0.353
0.089
0.495
-0.149
-0.471
0.107
-0.308
0.006
0.591
-0.638
-0.075
-0.336
-0.173
-0.014
-0.193
0.013
-0.306
0.134
-0.519
-0.397
-0.001
-0.086
-0.346
-0.119
-0.192
-0.194
0.075
0.030
-0.564
0.265
0.181
-0.026
-0.403
0.087
0.088
0.468
0.033
0.214
0.547
0.471
0.385
0.121
-0.035
-0.135
0.082
0.185
0.318
-0.038
-0.035
0.282
0.206
0.336
0.338
-0.040
0.133
0.456
0.572
0.939
0.265
0.190
0.086
0.110
-0.006
0.267
0.542
0.488
0.296
0.386
0.028
0.070
0.007
0.349
-0.369
0.630
0.153
0.468
-0.134
-0.233
0.511
0.620
-0.314
0.015
-0.262
0.399
0.241
-0.048
0.585
-0.147
-0.730
0.087
0.183
0.099
0.051
-0.368
0.331
-0.063
0.156
0.350
0.038
0.143
0.228
0.214
0.016
0.540
-0.372
0.533
-0.485
-0.286
0.744
0.295
0.079
-0.333
-0.252
-0.067
0.499
0.234
0.064
0.261
0.168
-0.080
0.019
0.087
0.221
0.140
-0.327
0.076
-0.044
-0.403
-0.340
0.420
0.476
-0.143
-0.230
-0.018
0.196
0.154
0.138
-0.434
0.016
-0.096
-0.395
0.132
-0.233
0.212
-0.779
-0.325
0.005
0.122
0.054
-0.226
0.134
-0.258
-0.600
-0.152
0.440
0.092
-0.074
-0.778
0.155
0.095
0.001
-0.293
0.606
0.130
0.273
-0.319
-0.074
0.368
0.099
0.402
0.080
-0.041
0.131
0.005
0.006
-0.064
0.341
-0.366
-0.041
-0.123
-0.479
0.317
-0.674
-0.506
-0.398
-0.558
-0.326
0.141
0.107
0.322
-0.194
-0.662
-0.420
-0.702
0.040
0.097
0.173
-0.197
-0.143
0.560
-0.142
0.300
-0.010
-0.103
0.165
0.029
-0.127
-0.226
-0.257
-0.076
-0.441
0.078
-0.244
-0.276
0.411
-0.129
-0.021
0.265
-0.008
-0.129
0.331
-0.474
-0.284
-0.016
0.128
0.498
0.489
-0.410
-0.198
-0.271
-0.558
-0.114
0.161
0.513
-0.260
0.274
-0.222
0.303
-0.093
0.254
0.059
0.065
0.099
0.087
-0.455
-0.044
0.064
-0.530
-0.089
0.027
-0.463
-0.498
-0.136
-0.859
-0.038
-0.251
0.439
0.252
-0.396
0.232
-0.178
0.106
-0.449
-0.034
-0.345
0.123
0.285
-0.046
-0.116
0.216
0.159
0.007
-0.478
-0.228
-0.030
-0.130
-0.256
-0.573
0.054
0.389
0.756
-0.079
-0.385
0.028
-0.356
0.202
0.371
-0.187
0.177
0.338
0.360
0.024
0.038
0.850
0.819
-0.601
0.174
0.449
0.394
0.373
-0.032
0.371
-0.492
0.261
0.236
0.497
0.054
0.101
-0.434
0.283
0.161
0.557
-0.087
0.164
-0.022
-0.216
0.304
0.116
0.211
0.042
-0.251
0.179
-0.055
-0.329
0.315
0.424
-0.468
-0.041
-0.695
0.204
0.680
-0.458
0.186
0.383
-0.203
-0.077
-0.109
-0.036
0.171
0.477
0.184
0.292
-0.096
-0.123
0.156
-0.034
-0.594
0.080
-0.254
-0.134
-0.321
0.286
0.023
0.200
-0.051
-0.172
-0.213
-0.076
-0.011
0.247
-0.514
0.357
-0.612
0.027
0.005
-0.177
-0.148
-0.222
-0.393
-0.540
0.661
0.106
-0.472
-0.326
0.247
-0.224
0.379
-0.666
0.323
0.258
0.229
-0.188
0.032
-0.033
-0.103
0.290
-0.256
0.068
-0.230
-0.006
-0.290
-0.416
0.331
0.146
-0.156
0.456
0.744
0.250
-0.187
0.235
-0.032
0.017
-0.374
-0.267
-0.084
0.167
-0.082
-0.011
-0.615
-0.064
-0.511
-0.538
-0.164
0.055
-0.302
0.386
-0.308
-0.302
-0.227
-0.133
0.460
-0.304
0.042
-0.557
-0.207
-0.237
-0.228
-0.179
0.387
0.298
-0.145
-0.317
0.044
0.057
0.097
-0.281
0.379
-0.165
0.264
-0.017
-0.371
0.125
0.304
-0.916
0.614
0.049
0.049
0.026
-0.075
0.062
-0.466
-0.175
0.281
0.280
0.216
0.566
0.299
0.458
0.190
-0.135
0.238
0.505
0.006
0.344
-0.287
-0.442
-0.116
-0.660
0.101
0.046
-0.136
-0.151
0.266
-0.293
0.206
-0.023
0.359
-0.008
-0.053
0.440
-0.739
-0.486
-0.607
-0.595
-0.318
0.018
0.208
0.792
-0.194
-0.193
0.282
-0.518
0.177
0.153
-0.014
-0.039
-0.571
-0.118
0.279
-0.117
-0.287
-0.101
-0.057
0.130
0.143
-0.413
-0.030
0.543
0.119
0.072
-0.031
0.135
0.228
0.197
-0.370
0.414
0.186
0.523
0.114
-0.133
0.060
-0.320
0.529
0.322
-0.127
-0.075
-0.391
0.039
-0.691
-0.009
-0.324
-0.613
-0.264
-0.246
-0.461
-0.441
-0.669
-0.635
-0.600
0.050
-0.766
0.117
-0.576
-0.224
-0.187
-0.302
-0.267
-0.005
0.182
0.013
-0.541
-0.345
-0.005
-0.101
-0.161
0.189
-0.068
-0.381
-0.011
-0.164
0.014
0.355
0.303
-0.013
0.043
-0.005
0.391
-0.034
0.440
0.233
0.729
0.239
-0.270
-0.163
-0.148
0.275
0.200
-0.095
-0.534
-0.012
0.425
-0.036
0.536
0.682
-0.175
0.615
-0.208
0.839
0.448
0.696
0.371
-0.507
0.321
-0.015
-0.559
0.817
0.172
0.018
0.453
-0.048
0.508
0.231
-0.145
1.015
0.147
-0.351
-0.124
-0.003
0.579
-0.408
0.076
-0.161
-0.032
-0.288
-0.241
0.256
-0.156
0.175
-0.114
-0.118
0.481
-0.148
-0.030
0.125
0.149
-0.064
0.364
0.077
-0.378
-0.034
-0.183
0.235
-0.429
0.188
0.212
-0.125
-0.003
0.280
0.209
0.596
-0.279
-0.236
0.524
-0.106
0.207
0.315
0.136
0.236
-0.104
0.171
0.241
0.094
0.040
0.378
-0.008
-0.536
0.359
0.154
-0.591
0.665
-0.148
-0.099
-0.349
0.003
-0.091
0.703
0.200
-0.341
0.014
0.086
0.007
0.420
0.115
-0.579
-0.041
0.046
0.351
0.002
0.137
-0.013
-0.450
-0.000
-0.628
0.069
0.342
0.254
-0.528
0.020
0.193
0.251
-0.023
0.428
-0.244
-0.018
-0.413
0.088
0.104
-0.243
-0.031
-0.192
0.202
0.048
-0.052
-0.163
-0.080
-0.393
0.028
0.076
-0.003
-0.491
0.690
-0.445
-0.157
-0.016
-0.363
0.127
-0.068
0.029
-0.082
-0.080
0.187
-0.781
0.656
0.164
0.240
0.076
-0.225
0.165
-0.834
-0.101
-0.084
0.083
0.219
-0.557
0.019
0.148
0.431
0.164
-0.260
0.327
-0.310
-0.262
0.293
0.056
-0.194
-0.254
-0.138
-0.116
0.105
0.213
0.272
-0.096
0.325
-0.452
-0.026
0.177
0.067
0.407
-0.004
0.042
-0.695
0.883
-0.257
0.505
-0.315
0.033
0.008
-0.160
0.341
-0.443
-0.017
-0.701
-0.144
0.298
0.401
0.190
-0.141
-0.113
0.151
-0.188
-0.419
0.002
-0.041
-0.328
-0.444
-0.383
-0.283
-0.239
-0.264
-0.316
-0.190
-0.241
-0.207
-0.009
-0.222
0.048
-0.020
0.191
0.064
-0.049
0.101
0.071
0.191
0.144
0.114
0.218
0.266
0.195
0.218
0.240
0.303
0.263
0.356
0.331
0.197
0.189
0.258
0.290
0.290
0.229
0.065
0.226
0.220
0.211
0.197
0.252
0.047
0.149
0.187
0.049
0.166
0.264
0.226
0.003
0.023
0.181
0.058
0.032
0.289
0.150
0.015
0.204
-0.033
0.156
-0.054
0.071
0.015
0.107
-0.030
0.231
-0.009
-0.085
-0.127
-0.268
0.116
-0.081
-0.032
-0.125
-0.237
-0.219
-0.214
0.151
0.073
0.079
-0.134
0.018
0.048
0.040
-0.115
0.172
-0.652
-0.365
-0.002
-0.061
0.077
0.273
0.006
0.337
0.050
0.514
-0.337
0.032
0.104
-0.239
0.075
0.177
-0.506
-0.512
-0.366
0.032
-0.114
0.174
-0.377
-0.518
0.309
0.064
0.012
0.290
0.245
0.020
0.170
-0.152
0.475
-0.479
-0.036
-0.495
0.137
-0.254
-0.022
-0.071
-0.469
-0.199
-0.297
-0.087
-0.279
0.304
-0.268
-0.574
0.228
0.040
-0.329
0.472
0.015
-0.370
0.185
0.181
-0.008
0.270
-0.038
0.213
-0.473
-0.075
0.193
-0.098
0.237
-0.258
-0.099
0.286
0.028
-0.184
-0.086
0.080
-0.473
0.028
0.134
-0.329
-0.040
-0.277
0.387
-0.182
-0.067
0.533
0.154
-0.166
-0.129
-0.400
0.091
0.308
0.469
0.281
0.126
-0.469
-0.118
-0.062
0.009
-0.344
0.297
-0.016
-0.572
0.460
0.031
-0.008
0.268
0.237
0.036
0.429
0.100
0.669
-0.715
-0.225
0.154
-0.305
0.098
0.309
-0.062
0.030
0.311
-0.015
-0.402
-0.024
0.482
-0.502
0.663
-0.010
-0.437
-0.148
-0.333
-0.267
-0.220
0.289
0.162
-0.149
0.201
-0.727
0.283
-0.049
-0.084
-0.366
0.449
-0.077
0.199
0.403
-0.128
-0.386
-0.020
-0.017
0.594
-0.147
0.519
0.367
-0.403
0.107
0.408
0.201
0.326
-0.108
0.248
0.168
0.035
-0.344
0.029
-0.019
-0.162
-0.240
0.060
0.233
0.179
0.710
0.408
-0.031
0.064
-0.013
0.098
0.016
-0.180
-0.166
-0.284
-0.189
-0.292
-0.171
-0.121
-0.327
-0.300
-0.204
-0.356
-0.284
-0.168
-0.239
-0.240
-0.240
-0.205
-0.052
-0.006
-0.001
0.024
-0.233
-0.079
-0.202
-0.007
0.037
-0.186
0.091
-0.082
0.247
0.065
0.142
0.005
0.317
0.159
0.101
0.067
0.260
0.117
0.040
0.211
0.135
0.083
0.277
0.069
0.165
0.294
0.043
0.018
0.160
0.092
0.072
0.008
0.269
0.235
-0.059
0.288
0.080
-0.023
0.148
0.015
-0.097
0.098
-0.021
0.250
-0.074
0.379
0.049
0.033
0.375
0.116
-0.151
0.009
0.555
0.310
0.198
0.437
0.043
0.070
0.261
0.273
0.089
-0.329
-0.050
-0.025
-0.221
0.142
0.112
-0.092
0.322
-0.106
-0.256
-0.022
-0.048
-0.284
0.530
0.027
-0.473
-0.044
0.093
0.274
-0.033
0.198
0.203
0.103
0.784
0.196
0.329
0.032
-0.290
-0.551
0.100
-0.156
-0.478
-0.435
-0.456
-0.603
0.042
0.347
-0.341
-0.716
0.344
0.393
0.295
-0.004
-0.200
0.121
-0.077
-0.301
0.018
0.122
-0.252
0.139
-0.151
0.513
-0.174
-0.323
-0.309
-0.739
-0.180
0.038
0.465
0.379
0.120
0.393
0.061
-0.351
0.504
0.222
-0.396
0.293
-0.127
0.656
0.168
-0.152
0.160
0.356
-0.054
0.076
-0.179
-0.315
0.292
-0.227
0.201
-0.581
-0.804
0.321
0.222
-0.373
0.093
-0.269
0.498
-0.201
0.117
-0.282
0.537
-0.385
0.345
-0.132
-0.142
-0.271
-0.171
0.320
-0.127
-0.157
0.395
-0.285
0.135
0.489
-0.174
-0.368
-0.350
-0.382
-0.559
0.184
-0.015
-0.576
0.290
0.137
-0.133
0.174
-0.216
0.386
0.099
0.767
0.207
-0.616
0.451
0.197
0.098
0.005
0.583
-0.273
-0.178
-0.489
-0.116
-0.334
-0.285
0.054
0.154
0.326
-0.052
0.108
0.023
0.387
0.387
-0.031
-0.643
-0.144
0.565
-0.060
-0.686
-0.307
-0.288
-0.593
-0.063
-0.277
-0.489
0.266
-0.066
-0.034
-0.303
-0.575
-0.744
-0.069
0.144
0.395
-0.200
0.675
-0.122
-0.363
0.027
0.023
-0.119
-0.187
-0.154
-0.209
-0.216
-0.262
-0.248
-0.189
-0.255
-0.329
-0.114
-0.071
-0.425
-0.357
-0.084
-0.134
0.176
0.003
-0.046
0.061
0.210
0.174
0.100
-0.027
0.298
0.049
-0.021
0.406
0.017
0.322
0.418
0.189
0.240
0.099
0.330
0.437
0.191
0.387
0.217
0.343
0.391
0.243
0.180
-0.331
0.008
0.198
0.040
0.118
0.173
0.384
-0.435
0.671
0.122
0.193
0.187
0.226
0.171
-0.030
0.088
-0.022
0.061
0.209
0.105
0.366
-0.048
-0.414
-0.338
0.415
0.027
-0.027
0.099
0.083
0.149
-0.263
0.257
-0.460
0.246
0.141
0.254
-0.293
-0.205
0.076
-0.284
0.082
-0.127
0.033
-0.006
0.101
0.168
0.106
-0.227
-0.123
-0.090
-0.025
0.227
-0.098
-0.051
-0.239
0.124
0.276
-0.432
0.036
0.148
-0.361
-0.505
-0.173
-0.455
0.101
-0.486
-0.008
-0.178
0.137
0.007
0.134
-0.219
-0.047
-0.202
0.030
-0.585
0.726
0.311
-0.158
-0.109
0.704
0.559
0.138
0.049
0.576
-0.576
0.146
-0.085
0.344
0.257
0.280
0.212
-0.330
-0.281
-0.042
-0.032
0.266
-0.231
-0.056
0.097
-0.082
-0.485
0.138
0.180
0.340
-0.043
-0.235
-0.351
0.096
-0.527
0.694
-0.489
-0.089
0.406
-0.553
0.040
0.024
0.151
-0.154
-0.343
-0.216
-0.554
0.327
-0.367
-0.664
-0.381
-0.435
0.156
0.483
0.153
0.067
0.199
0.205
-0.107
0.339
-0.002
-0.187
-0.021
-0.128
-0.056
-0.388
0.142
0.121
0.375
0.609
0.166
0.133
-0.124
0.249
-0.330
0.332
-0.142
0.336
0.345
-0.148
-0.109
-0.166
0.546
0.763
-0.100
0.601
-0.007
-0.144
0.294
-0.142
0.396
-0.536
0.164
-0.046
-0.356
-0.309
-0.071
0.132
0.431
0.086
-0.251
-0.523
0.185
0.037
-0.020
-0.077
0.637
0.043
-0.045
0.096
-0.171
-0.029
-0.300
-0.028
0.172
-0.173
-0.263
-0.238
0.390
-0.041
-0.390
-0.370
-0.321
-0.350
-0.067
-0.106
-0.208
-0.131
-0.412
0.408
0.047
-0.254
0.425
-0.207
0.303
0.294
0.391
0.144
0.323
0.176
0.080
0.053
0.119
-0.120
-0.103
-0.023
-0.296
-0.293
-0.228
-0.505
0.027
-0.104
-0.268
-0.442
-0.138
-0.042
-0.148
-0.313
-0.132
-0.378
-0.221
-0.213
-0.187
-0.084
0.085
-0.162
-0.172
-0.156
-0.009
-0.007
0.231
0.126
0.298
0.046
0.037
0.038
0.078
0.048
-0.143
-0.028
0.061
0.125
0.022
0.038
0.094
0.400
0.002
0.054
0.193
0.299
0.092
0.103
0.177
0.235
-0.302
-0.156
0.478
0.198
-0.206
0.103
0.297
0.029
0.521
0.218
-0.015
0.265
-0.092
-0.418
0.477
0.396
-0.051
-0.068
0.144
-0.112
-0.243
0.373
0.396
-0.135
0.418
0.549
0.187
-0.086
-0.031
-0.290
0.415
-0.186
0.164
-0.203
0.319
0.119
0.039
-0.311
0.111
-0.440
-0.130
-0.093
1.042
-0.471
0.184
-0.102
0.198
-0.399
-0.213
-0.005
0.337
0.131
-0.039
0.448
0.021
-0.425
-0.213
-0.256
-0.435
0.085
0.167
0.504
-0.080
-0.091
-0.001
0.102
-0.236
0.235
-0.163
0.541
0.173
-0.373
0.068
0.307
-0.108
-0.006
0.525
0.004
-0.103
-0.301
-0.407
0.364
-0.174
0.123
-0.122
-0.041
-0.144
-0.789
0.159
0.502
0.257
0.040
0.237
-0.182
-0.235
-0.051
-0.205
-0.197
-0.294
0.152
-0.291
0.443
-0.281
0.291
0.153
-0.307
-0.576
-0.013
-0.001
-0.619
-0.102
-0.244
-0.290
-0.245
0.274
0.149
-0.005
0.190
-0.181
0.467
0.019
0.161
0.326
0.010
-0.091
0.619
-0.518
-0.558
-0.059
0.482
-0.335
0.120
-0.040
-0.230
-0.143
-0.622
-0.261
0.412
-0.217
0.204
-0.069
0.008
0.236
-0.148
0.355
-0.609
0.095
-0.735
-0.154
-0.148
0.183
-0.409
-0.197
0.294
-0.382
0.681
-0.345
-0.526
0.506
0.243
-0.325
0.324
0.213
0.139
-0.163
-0.431
0.152
-0.036
-0.411
-0.015
0.194
0.090
0.011
0.682
-0.838
0.158
0.399
-0.161
-0.295
0.250
-0.199
-0.147
-0.873
0.213
-0.539
0.485
0.173
-0.518
-0.214
0.174
0.175
0.154
-0.101
0.265
-0.478
0.459
0.225
0.707
0.405
-0.312
0.177
0.034
0.061
0.112
0.308
-0.006
-0.610
-0.101
-0.607
-0.850
-0.294
-1.225
0.349
0.092
-0.791
0.052
-0.506
-0.152
-0.093
0.584
-0.322
-0.196
0.020
-0.436
0.258
0.033
-0.286
0.005
0.503
-0.069
-0.011
0.388
0.613
0.642
-0.015
-0.430
0.239
-0.375
0.109
0.422
0.250
0.144
-0.382
-0.142
-0.373
0.681
0.493
0.202
0.786
0.239
-0.307
1.130
0.343
0.359
0.135
0.408
0.364
0.208
-0.046
0.761
-0.421
0.355
0.388
-0.040
0.624
-0.316
0.475
0.928
0.932
-0.010
-0.164
-0.380
0.251
0.033
0.224
0.781
0.090
-0.389
0.192
0.082
-0.418
0.383
-0.444
-0.030
0.337
-0.302
-0.490
0.076
-0.729
0.142
-0.256
-0.238
-0.016
0.615
0.139
-0.088
-0.086
0.277
0.019
0.036
0.329
0.275
0.345
-0.363
0.195
0.361
-0.001
0.139
-0.490
0.161
-0.369
0.549
0.014
-0.163
-0.301
0.185
-0.425
0.377
-0.292
0.060
0.060
-0.544
-0.591
0.007
-0.180
-0.327
0.586
0.561
0.006
-0.087
-0.470
-0.128
-0.155
0.407
0.238
-0.308
-0.045
0.097
-0.428
0.221
-0.328
0.366
-0.252
0.044
-0.334
-0.269
0.127
0.524
-0.365
-0.268
0.714
-0.093
0.247
0.067
-0.412
-0.398
0.377
0.438
-0.562
-0.193
0.331
-0.360
0.019
-0.654
-0.149
-0.239
-0.176
-0.044
-0.228
-0.062
0.806
0.435
0.067
0.264
-0.106
-0.488
-0.232
-0.092
-0.015
-0.189
0.351
-0.348
0.471
0.050
-0.305
-0.268
-0.185
0.414
-0.043
-0.347
-0.546
0.136
-0.135
-0.179
0.089
0.101
0.150
-0.327
-0.055
0.173
-0.486
-0.208
0.265
0.106
0.300
-0.126
0.616
-0.021
-0.005
-0.854
0.253
-0.623
0.033
0.042
0.333
0.035
0.648
-0.298
0.148
-0.168
0.682
-0.177
-0.353
-0.248
-0.203
0.022
-0.056
0.017
0.141
0.191
-0.065
-0.033
-0.132
-0.637
-0.245
-0.154
-0.475
-0.065
-0.505
-0.144
-0.207
-0.102
0.156
-0.207
-0.072
-0.246
0.563
-0.392
0.022
-0.034
-0.221
0.085
0.096
-0.049
0.564
0.058
0.181
-0.048
0.490
0.548
0.623
-0.662
0.199
-0.308
0.286
0.032
-0.256
0.500
0.473
-0.737
-0.557
-0.212
-0.134
-0.414
-1.426
-0.192
-0.491
-0.359
-0.536
-0.687
-0.004
-0.800
0.624
-0.461
-0.769
-0.131
-0.166
-0.234
0.352
0.152
-0.627
-0.031
-0.634
0.280
-0.543
0.497
0.801
0.282
0.051
0.332
0.317
0.253
0.010
0.656
-0.038
1.067
-0.347
0.579
-0.528
0.130
0.109
-0.255
0.177
-0.869
-0.106
-0.202
0.710
0.101
0.376
0.022
-0.275
0.010
-0.064
0.589
-0.445
-0.210
-0.169
-0.222
-0.087
0.005
0.140
0.049
0.400
0.047
0.131
0.038
0.397
-0.033
0.942
-0.252
-0.344
0.007
0.048
0.183
0.393
-0.145
0.301
-0.087
0.044
-0.206
-0.117
0.109
-0.157
0.011
0.111
0.154
0.264
-0.281
0.180
-0.297
-0.222
0.402
0.091
0.260
-0.226
0.311
-0.370
-0.273
0.009
0.201
-0.135
-0.212
-0.021
0.454
0.041
0.060
0.114
0.045
-0.415
0.300
-0.557
-0.188
-0.010
0.389
-0.534
-0.404
0.212
0.030
0.129
0.383
-0.348
-0.337
0.179
-0.167
-0.464
-0.108
-0.153
-0.175
-0.148
-0.224
0.356
0.059
-0.178
-0.036
-0.050
0.127
0.177
-0.090
-0.219
-0.162
0.390
0.265
-0.054
0.161
-0.005
-0.386
0.102
-0.111
0.421
0.177
-0.199
-0.158
0.414
-0.270
0.079
0.192
0.373
-0.033
0.146
0.116
-0.113
0.389
0.254
-0.206
0.462
-0.394
0.072
0.199
-0.257
-0.276
0.357
-0.410
0.022
-0.885
-0.268
0.363
0.273
0.048
-0.142
0.644
-0.441
0.183
-0.194
0.418
0.222
0.200
0.082
-0.404
-0.121
0.364
0.232
0.029
0.439
-0.461
-0.424
-0.329
0.006
0.282
0.454
-0.214
0.210
-0.097
0.323
0.258
-0.128
-0.060
-0.373
-0.276
0.193
-0.519
-0.174
0.310
0.151
0.196
0.306
-0.123
-0.242
0.425
0.089
0.078
0.433
-0.142
0.230
0.005
-0.485
-0.195
-0.139
0.261
0.292
-0.096
0.514
-0.062
0.035
0.631
-0.538
-0.037
-0.459
0.009
-0.139
-0.051
0.349
0.859
-0.105
0.239
0.235
0.475
0.443
-0.114
-0.224
0.158
-0.619
-0.041
-1.183
0.136
-0.529
-0.450
-0.049
-0.947
-0.148
-0.095
0.041
0.122
-0.154
-0.079
0.075
0.522
-0.346
0.015
0.531
-0.198
0.003
-0.225
0.423
0.488
-0.023
-0.099
0.275
0.527
0.247
0.522
0.188
-0.425
0.014
0.478
0.204
-0.082
0.466
0.409
0.014
0.217
-0.646
-0.305
0.143
0.838
0.134
-0.068
-0.101
0.078
-0.206
0.682
0.245
-0.504
0.024
0.345
0.766
-0.028
-0.181
0.070
0.144
0.256
0.107
-0.098
-0.578
0.077
-0.215
0.023
0.097
0.468
-0.143
-0.102
-0.667
0.212
-0.240
-0.058
0.216
-0.042
-0.474
-0.055
-0.559
-0.213
0.461
-0.148
-0.064
0.081
-0.162
0.159
-0.238
-0.157
-0.044
0.096
0.329
-0.102
0.376
-0.588
-0.219
0.190
-0.066
0.015
-0.167
0.336
0.372
-0.156
0.277
-0.279
-0.431
-0.310
-0.040
0.192
-0.318
-0.564
0.016
0.085
-0.684
-0.232
0.706
-0.298
-0.218
0.736
0.379
0.371
0.348
0.562
-0.149
0.735
0.244
0.672
-0.081
-0.150
-0.452
0.197
0.011
-0.115
-0.175
0.235
-0.416
-0.493
0.090
-0.565
0.059
0.365
0.309
-0.195
0.033
0.112
0.399
-0.171
-1.097
-0.167
-0.418
-0.506
-0.170
-0.178
0.108
-0.228
-0.235
-0.254
-0.278
0.798
-0.008
0.109
-0.379
-0.224
0.344
0.262
-0.424
0.271
0.770
-0.046
0.023
-0.157
0.241
-0.019
-0.026
0.330
-0.170
-0.045
-0.036
0.047
-0.300
0.213
-0.308
0.186
-0.076
0.276
-0.453
0.222
-0.117
-0.247
-0.133
-0.415
0.013
0.042
0.222
-0.282
0.079
0.149
-0.645
-0.315
0.120
-0.538
0.128
-0.111
0.495
-0.387
-0.215
0.434
-0.186
0.380
-0.227
0.513
0.332
0.153
0.174
0.296
-0.099
-0.429
-0.072
0.550
-0.613
-0.394
-0.286
0.470
0.436
-0.428
-0.361
0.431
0.705
-0.187
0.113
-0.345
0.603
0.325
-0.137
-0.084
-0.223
-0.303
0.018
0.069
-0.218
0.325
0.484
-0.128
0.953
-0.262
-0.415
0.055
0.053
-0.256
0.336
0.355
-0.118
0.150
0.248
-0.291
0.525
0.235
-0.076
0.446
0.404
-0.085
0.095
0.479
0.077
-0.114
0.074
0.093
0.204
-0.195
-0.003
-0.280
-0.277
-0.504
0.229
-0.199
-0.601
-0.808
0.239
-0.472
-0.279
0.022
0.138
-0.328
-0.237
-0.095
0.111
0.163
-0.343
-0.118
-0.897
0.011
-0.710
0.438
0.078
0.672
-0.222
0.486
-0.298
-0.028
-0.332
-0.200
0.475
0.580
0.199
0.014
0.498
0.200
-0.114
-0.339
0.702
0.550
0.257
-0.316
0.116
0.116
0.667
0.069
0.225
0.191
0.077
-0.133
-0.294
0.353
0.273
0.598
0.221
0.258
0.322
-0.183
0.172
-0.090
0.157
0.152
0.204
0.329
0.293
0.455
0.015
-0.227
0.289
0.014
0.389
0.375
-0.008
0.444
0.373
0.647
0.191
-0.290
-0.019
-0.034
0.242
-0.472
0.357
-0.266
-0.182
-0.190
-0.379
-0.263
-0.100
0.103
-0.038
0.364
-0.199
-0.459
-0.069
0.589
-0.373
0.068
-0.569
-0.007
0.376
-0.520
-0.397
0.445
-0.379
0.175
-0.298
-0.248
-0.124
-0.307
-0.175
-0.230
-0.404
0.546
0.292
-0.348
-0.427
0.538
0.182
-0.298
-0.228
-0.113
-0.196
-0.200
0.153
-0.325
-0.234
0.077
-0.332
0.083
0.213
0.235
0.512
0.326
0.115
-0.286
-0.046
-0.270
-0.192
-0.119
0.039
-0.044
-0.382
-0.553
-0.039
0.125
-0.080
0.567
0.124
0.118
0.030
0.165
0.138
-0.330
0.098
0.223
-0.133
0.209
0.205
0.305
0.150
-0.331
-0.324
-0.050
-0.103
0.019
-0.079
-0.317
0.182
-0.001
0.182
-0.120
0.069
0.335
0.136
-0.237
0.552
-0.006
0.518
-0.048
0.265
-0.686
-0.266
0.215
-0.118
-0.244
0.135
-0.290
0.010
-0.063
-0.075
-0.194
-0.231
-0.385
0.046
-0.131
-0.117
-0.005
0.324
0.271
0.076
-0.156
0.189
-0.651
0.303
-0.238
-0.535
0.003
-0.420
-0.348
0.081
-0.342
0.633
0.289
0.427
0.244
0.396
0.360
-0.221
-0.005
0.189
-0.092
0.295
-0.626
0.021
-0.374
-0.373
0.026
-0.022
-0.106
-0.076
-0.010
-0.327
-0.244
0.611
-0.029
0.423
0.534
0.109
0.653
0.273
0.212
-0.595
0.546
-0.325
0.140
-0.409
-1.050
-0.849
-0.721
-0.663
-0.433
-0.996
-0.394
-0.674
0.110
-0.212
-0.538
-0.471
0.041
-0.338
-0.646
-0.441
0.724
0.143
0.074
-0.429
-0.233
0.061
0.242
-1.122
0.045
-0.059
0.402
0.066
0.191
-0.273
-0.387
-0.308
0.181
-0.113
0.054
1.167
0.272
-0.007
-0.338
-0.154
-0.424
0.178
-0.335
0.328
-0.429
0.216
-0.496
0.411
0.091
0.467
0.275
0.190
-0.229
0.233
0.718
-0.138
-0.258
0.128
-0.120
-0.231
0.019
-0.394
0.127
0.834
-0.362
0.052
-0.164
-0.222
0.164
-0.645
-0.228
-0.170
0.078
0.372
0.099
0.100
0.247
0.724
-0.311
-0.163
-0.034
-0.125
-0.000
0.197
-0.765
-0.030
-0.476
-0.127
0.023
0.126
0.079
-0.007
-0.087
0.186
-0.175
-0.239
0.017
0.200
-0.159
0.164
-0.398
0.524
-0.304
-0.528
-0.390
-0.326
-0.456
-0.148
0.049
-0.216
-0.381
0.251
0.263
-0.255
-0.249
0.377
-0.053
-0.542
-0.120
0.249
0.187
0.037
-0.012
0.020
-0.116
0.131
0.171
0.177
-0.488
0.049
-0.332
-0.207
0.126
-0.130
-0.343
-0.186
0.292
-0.091
-0.142
-0.013
-0.527
0.231
0.046
0.366
0.240
-0.059
-0.262
-0.073
0.208
0.304
0.102
0.188
0.262
-0.124
0.305
-0.509
-0.164
0.110
0.337
-0.541
-0.159
0.270
-0.194
0.125
-0.084
0.060
-0.154
0.193
-0.542
0.198
-0.046
0.188
-0.474
0.090
-0.262
0.197
-0.827
-0.162
0.104
-0.326
-0.407
-0.057
0.043
0.101
-0.383
0.167
-0.294
-0.613
-0.128
-0.419
0.371
0.292
-0.322
0.029
-0.408
-0.232
-0.329
-0.338
-0.513
-0.575
0.124
0.404
0.088
0.048
-0.387
-0.325
0.068
0.264
-0.144
0.279
0.087
-0.026
-0.982
0.110
-0.008
-0.328
-0.403
-0.440
0.244
0.370
-0.260
-0.499
-0.660
0.221
0.158
-0.559
-0.528
-0.055
-0.749
-0.128
0.067
-0.144
0.117
0.103
0.468
-0.035
-0.170
-0.181
-0.504
0.291
0.421
-0.063
0.113
-0.714
-1.366
0.327
0.551
0.429
-0.332
0.660
0.375
-0.160
0.502
-0.486
0.046
-0.507
-0.774
0.144
0.147
0.565
-0.109
-0.441
0.112
0.097
-0.699
0.068
-1.586
-0.084
-0.497
-0.097
-0.443
-0.317
-0.016
-0.464
-0.298
-0.785
-0.644
0.553
-0.195
0.429
-0.082
-0.702
0.664
-0.327
0.284
0.100
-0.303
-0.755
0.622
-0.502
-0.345
-0.649
0.181
-0.174
-0.554
-0.066
0.235
0.319
-0.302
0.162
0.486
-0.561
0.317
0.376
0.310
-0.050
0.339
-0.264
-0.341
0.181
0.502
0.243
0.349
-0.190
0.221
-0.393
-0.515
0.105
-0.296
-1.108
0.177
0.403
0.655
-0.407
0.557
0.277
0.611
-0.236
0.520
-0.321
-0.072
-0.368
0.138
-0.074
0.402
-0.285
-0.005
-0.358
-0.196
0.285
0.395
-0.668
0.458
-0.420
-0.120
-0.039
-0.139
0.143
-0.501
-0.053
0.582
-0.250
-0.279
0.168
0.338
0.135
0.272
0.198
0.351
0.109
0.280
0.518
-0.118
-0.044
0.091
0.269
-0.030
0.096
0.345
0.132
0.288
0.350
0.102
-0.223
0.138
0.171
-0.309
0.189
0.150
-0.005
0.392
0.513
0.073
0.025
-0.022
-0.081
-0.103
0.170
0.267
0.078
-0.392
0.553
0.427
-0.110
0.426
0.417
0.131
0.014
0.431
-0.195
0.427
0.010
0.114
-0.443
0.439
0.451
0.448
-0.018
-0.212
-0.217
0.105
-0.295
0.166
-0.168
-0.213
-0.038
-0.090
-0.127
-0.596
0.312
0.100
0.260
0.255
-0.267
-0.165
0.078
0.030
0.000
-0.202
0.099
0.418
-0.153
0.336
0.337
-0.062
0.073
0.390
0.292
0.067
0.231
-0.425
-0.078
0.266
-0.227
0.014
0.502
-0.106
0.012
-0.198
0.056
-0.280
0.293
-0.382
0.272
0.264
-0.007
-0.003
-0.056
0.161
0.293
0.299
-0.210
0.072
0.223
0.167
0.170
-0.455
0.338
0.226
-0.120
0.182
0.335
0.511
-0.312
0.308
-0.248
0.688
0.205
0.521
0.248
-0.170
0.439
0.120
-0.262
0.238
0.332
0.067
0.127
0.371
0.224
0.556
-0.090
0.113
0.039
0.162
0.237
-0.112
-0.331
0.043
0.002
0.229
0.035
0.362
0.276
0.231
0.188
0.342
0.092
0.156
-0.262
-0.042
-0.159
-0.133
0.142
-0.400
-0.415
-0.127
-0.519
-0.297
-0.215
-0.559
-0.320
-0.212
-0.121
-0.183
-0.483
-0.383
0.001
0.037
-0.292
0.419
-0.333
0.095
0.133
0.328
0.004
0.087
0.112
0.343
0.041
0.065
0.434
0.085
0.249
0.428
-0.004
-0.159
0.120
-0.388
0.338
-0.192
0.227
-0.168
0.562
0.595
-0.017
0.509
-0.184
0.521
-0.502
-0.196
-0.504
0.091
-0.510
0.084
0.028
-0.249
-0.966
0.255
0.405
0.228
0.017
0.187
-0.211
-0.113
-0.058
0.158
0.098
0.455
0.048
-0.470
0.299
-0.197
-0.346
0.417
0.203
0.028
-0.643
-0.059
0.040
0.292
-0.045
-0.641
0.080
0.202
-0.319
-0.612
-0.303
-0.213
-0.683
0.399
0.126
0.188
0.081
0.006
0.800
-0.733
-0.358
-0.391
0.046
0.027
0.489
0.301
0.078
0.505
-0.043
-0.396
-0.255
-0.056
-0.545
-0.079
-0.234
-0.744
0.042
-0.721
-0.217
0.016
-0.558
0.777
-0.383
0.236
-0.240
-0.316
-0.251
0.007
0.185
-0.515
0.001
0.557
-0.292
0.355
0.377
-0.042
0.733
0.001
-0.456
-0.371
0.016
0.222
0.006
0.191
0.492
0.493
0.123
-0.496
0.369
0.594
0.019
0.364
0.031
0.285
-0.721
-0.007
-0.141
-0.258
0.694
0.085
0.115
0.036
0.334
-0.359
0.319
0.134
-0.299
0.244
0.225
0.354
-0.033
0.015
-0.064
0.211
-0.094
-0.003
0.071
0.302
0.217
0.077
0.184
0.464
-0.055
-0.281
0.253
0.283
0.330
0.029
-0.235
-0.563
-0.067
-0.039
-0.365
0.022
-0.701
-0.105
-0.549
-0.259
0.051
0.257
0.167
0.018
0.394
-0.376
0.322
0.344
0.376
0.054
0.135
0.038
0.100
0.052
-0.655
-0.052
-0.124
-0.030
0.100
0.091
0.323
-0.329
0.014
0.171
0.486
0.097
-0.167
-0.008
0.084
-0.125
0.417
-0.107
-0.076
-0.497
0.450
0.593
-0.162
-0.273
0.004
-0.014
-0.194
-0.402
0.118
0.097
-0.144
0.422
0.048
0.371
-0.240
-0.207
-0.484
-0.152
-0.211
-0.259
0.148
-0.004
0.303
0.106
0.420
0.117
0.349
0.213
0.542
0.352
0.356
0.250
0.072
-0.069
-0.012
0.061
-0.012
-0.109
-0.117
-0.073
-0.220
-0.235
-0.071
-0.157
0.110
-0.301
-0.085
-0.026
-0.302
-0.443
-0.037
-0.170
-0.645
0.091
0.031
0.121
-0.185
-0.471
-0.078
-0.103
-0.102
-0.291
0.143
0.111
-0.219
0.027
0.082
0.235
-0.003
-0.467
0.285
-0.178
-0.515
0.605
0.069
0.449
-0.203
-0.158
-0.225
0.085
-0.758
0.421
0.101
0.333
0.204
-0.030
0.166
0.654
0.167
-0.128
0.016
0.264
0.391
0.312
-0.129
0.473
0.070
-0.135
0.735
0.590
0.040
0.294
0.138
0.037
-0.138
0.064
-0.531
-0.520
-0.161
0.602
0.305
-0.015
-0.378
0.079
0.314
-0.327
0.019
0.664
-0.172
0.451
0.247
-0.250
-0.424
-0.119
-0.321
-0.461
0.230
-0.373
0.391
0.522
0.101
-0.038
0.144
-0.043
-0.376
0.242
0.252
-0.509
-0.194
-0.048
-0.147
-0.404
-0.103
-0.126
0.002
-0.045
0.075
0.205
0.418
0.167
-0.070
-0.231
-0.892
-0.091
-0.368
-0.406
0.104
0.295
0.184
0.181
-0.148
-0.029
-0.355
-0.016
-0.014
0.240
-0.244
0.571
0.214
0.184
0.058
0.185
0.099
0.014
0.235
0.013
-0.641
0.183
0.139
0.032
-0.075
0.388
-0.162
-0.032
0.035
0.145
0.033
0.090
-0.182
-0.049
0.244
-0.027
0.207
0.179
-0.104
0.245
-0.011
-0.042
0.523
-0.122
-0.360
-0.118
0.150
-0.478
0.041
-0.202
-0.500
-0.413
0.371
-0.541
-0.053
-0.082
0.304
-0.015
-0.155
0.222
0.702
0.430
-0.126
0.731
0.798
-0.190
-0.308
-0.225
-0.039
-0.270
-0.020
0.740
-0.185
-0.409
0.350
-0.111
-0.282
-0.036
-0.135
-0.029
0.008
-0.229
0.282
-0.084
0.084
-0.442
0.032
0.128
-0.016
-0.502
-0.057
0.030
-0.624
-0.107
0.276
0.147
-0.790
-0.165
0.088
-0.175
0.212
-0.083
0.361
-0.246
-0.083
-0.839
0.172
-0.389
0.379
0.176
0.091
-0.410
-0.276
0.219
0.208
-0.679
-0.277
-0.507
-0.159
-0.006
0.703
0.583
-0.260
0.673
-0.269
0.216
0.230
-0.095
-0.053
0.630
-0.346
0.146
0.110
-0.706
-0.142
-0.211
-0.439
-0.345
-0.199
-0.032
-0.554
-0.817
-0.183
-0.135
-0.107
0.016
-0.167
0.247
-0.543
0.366
-0.431
0.192
0.149
0.252
-0.265
0.653
0.022
-0.232
0.020
-0.314
0.437
0.647
-0.355
0.039
-0.326
-0.044
0.778
-0.221
0.146
-0.082
0.011
0.473
-0.131
0.166
-0.181
-0.236
0.181
-0.497
0.167
-0.108
-0.052
0.392
-0.298
-0.105
-0.101
0.194
0.267
0.096
-0.246
0.441
0.004
0.237
-0.031
-0.072
-0.149
0.658
0.028
-0.130
-0.263
-0.326
-0.117
-0.184
0.146
0.058
-0.139
-0.105
0.125
-0.169
-0.049
0.024
-0.209
-0.114
-0.112
-0.281
-0.310
0.034
0.118
-0.259
0.557
-0.013
-0.036
0.124
0.657
0.349
-0.090
0.073
-0.330
-0.069
-0.102
0.034
-0.047
0.574
-0.090
0.179
-0.373
-0.525
0.050
-0.341
0.073
-0.241
-0.259
-0.167
0.232
0.174
0.033
0.284
-0.345
0.145
0.104
0.509
-0.387
0.245
-0.173
-0.347
-0.871
0.032
-0.145
-0.284
0.648
0.474
-0.443
-0.257
0.430
-0.715
-0.073
-0.173
-0.150
0.254
1.248
-0.323
0.603
-0.277
0.042
0.202
0.191
-0.297
-0.199
-0.113
0.387
-0.424
0.357
0.264
0.165
0.468
0.048
0.619
-0.567
-0.436
-0.276
-0.058
-0.285
-0.461
0.056
0.888
-0.152
0.068
-0.271
0.436
0.386
0.472
-0.271
0.174
-0.092
-0.058
-0.393
-0.040
-0.265
-0.493
-0.077
-0.132
-0.375
0.190
0.208
0.176
-0.034
-0.232
-0.524
0.157
-0.495
-0.107
-0.111
-0.305
-0.573
-0.094
-0.022
0.477
0.217
0.535
0.271
0.996
-0.151
0.075
0.332
0.043
-0.366
-0.026
-0.622
0.032
0.042
0.208
0.344
-0.130
0.214
-0.560
-0.222
-0.324
-0.020
0.039
-0.089
-0.383
0.465
-0.305
0.356
0.134
0.617
-0.306
0.095
-0.232
0.063
0.243
0.228
0.114
-0.678
-0.352
-0.669
0.235
-0.077
0.219
-0.329
0.013
-0.397
-0.490
-0.319
-0.322
0.241
-0.186
-0.552
-0.328
-0.211
0.158
-0.092
0.426
0.704
-0.082
0.864
-0.005
0.490
-0.220
0.380
0.222
-0.372
-0.452
-0.059
-0.115
0.014
-0.381
0.085
0.164
-0.554
-0.126
0.392
-1.016
-0.758
-0.156
-0.174
-0.013
-0.188
-0.879
-0.182
0.082
-0.241
-0.313
-0.867
0.158
-0.696
0.365
-0.383
-0.283
0.054
-0.398
0.258
-0.476
-0.477
-0.001
0.072
-0.426
0.745
-0.376
-0.010
0.317
-0.619
0.156
0.254
-0.184
0.330
0.098
-0.057
0.044
0.460
-0.091
0.171
0.338
0.090
0.125
0.104
0.218
-0.171
0.022
0.311
0.169
0.429
0.181
-0.488
0.431
0.587
0.278
0.570
0.437
-0.045
0.596
-0.647
0.019
-0.424
-0.037
-0.143
0.804
0.372
0.189
-0.144
-0.066
-0.401
0.280
0.174
0.225
0.327
0.239
0.362
-0.391
-0.162
0.452
0.284
-0.049
0.005
0.173
0.181
0.460
0.006
-0.005
0.181
-0.003
0.366
0.235
0.177
-0.147
0.483
0.327
0.375
-0.034
-0.073
0.160
-0.224
-0.100
-0.247
0.056
-0.646
-0.163
-0.565
-0.465
-0.425
-0.441
-0.232
0.179
-0.028
0.402
-0.493
0.022
0.111
-0.289
-0.128
-0.223
-0.002
0.362
-0.309
0.191
-0.262
0.290
-0.670
0.044
0.340
-0.207
-0.083
0.379
-0.007
-0.246
-0.078
0.461
-0.040
-0.025
0.097
-0.092
-0.099
0.025
0.053
0.229
-0.213
-0.420
0.116
-0.096
-0.338
-0.240
0.081
0.702
0.186
0.024
0.528
-0.183
0.090
0.188
0.487
-0.096
0.398
-0.198
0.217
0.077
0.272
-0.179
-0.211
-0.258
-0.424
-0.420
-0.117
0.688
0.124
-0.220
0.194
0.014
0.449
0.110
0.108
0.060
-0.287
0.152
-0.186
0.112
-0.048
-0.143
-0.288
0.351
0.028
-0.081
-0.247
-0.065
0.018
-0.335
0.274
-0.266
0.143
-0.164
-0.329
-0.273
0.387
0.063
0.618
-0.044
-0.374
-0.318
0.414
-0.151
-0.371
-0.155
0.558
0.063
-0.069
-0.445
0.303
0.209
-0.054
-0.264
0.102
-0.174
0.143
0.224
-0.081
0.288
0.235
-0.163
0.587
-0.491
-0.263
-0.726
-0.734
0.039
-0.077
0.654
-0.053
0.734
0.562
0.472
0.701
-0.099
0.935
-0.574
0.491
0.011
-0.373
0.388
-0.614
0.010
-0.493
-0.055
-0.536
-0.189
-0.392
-0.044
-1.590
0.156
0.294
0.235
0.204
-0.198
0.289
0.162
0.027
-0.205
-0.293
-0.500
0.203
0.359
0.780
-0.374
0.397
0.318
-0.706
0.453
-0.418
-0.640
0.732
0.765
0.761
0.167
0.222
-0.103
0.246
1.455
0.192
0.080
0.523
-0.003
0.098
-0.417
-0.184
0.450
0.647
0.027
0.650
0.214
-0.114
-0.238
-0.445
-0.387
-0.734
0.518
0.228
-0.129
0.330
-0.456
0.004
0.072
-0.185
0.888
0.391
-0.496
0.397
-0.063
-0.096
0.112
-0.021
-0.127
-0.287
-0.153
0.074
-0.043
-0.455
0.046
-0.344
0.214
-0.546
0.615
0.066
0.099
-0.340
0.176
-0.129
0.177
0.188
0.041
0.547
0.317
-0.236
-0.076
-0.158
0.049
-0.280
-0.142
0.245
-0.363
0.038
0.159
-0.068
-0.216
0.133
-0.309
0.130
-0.099
0.113
-0.688
0.469
-0.385
0.010
0.242
-0.026
0.198
0.221
0.199
0.101
-0.203
-0.301
0.069
-0.023
-0.146
-0.359
0.622
0.054
-0.175
0.025
-0.767
-0.127
0.466
0.233
-0.062
0.130
-0.449
-0.219
0.604
-0.339
0.021
-0.591
0.477
-0.173
-0.034
-0.405
0.393
0.216
-0.470
0.178
0.062
-0.354
-0.059
0.220
0.335
-0.599
0.147
-0.451
0.111
-0.423
-0.583
0.159
-0.265
0.028
-0.045
-0.097
0.153
-0.481
0.238
0.090
0.001
-0.052
0.211
-0.245
-0.145
-0.102
0.232
0.395
0.327
-0.412
-0.129
-0.448
0.013
-0.330
-0.227
-0.070
0.413
0.189
-0.232
0.396
-0.162
0.217
0.197
0.787
-0.182
-0.623
-0.207
-0.035
0.178
0.167
-0.148
0.480
0.074
-0.041
0.287
-0.316
0.172
-0.473
0.020
0.017
-0.000
0.189
-0.560
-0.510
-0.220
0.052
-0.141
-0.231
-0.169
0.052
-0.311
-0.059
-0.393
-0.452
-0.668
-0.329
-0.040
-0.223
-0.401
0.174
0.519
0.068
0.453
-0.104
-0.513
-0.158
0.333
0.021
0.484
-0.449
0.038
0.196
-0.487
-0.198
-0.730
-0.155
-0.724
-0.129
-0.342
0.123
-0.031
-0.228
-0.402
0.021
0.497
-0.562
0.240
0.728
-0.584
-0.298
0.856
0.813
-1.229
-0.192
0.065
0.765
0.079
-0.566
-0.692
-0.210
-0.173
-0.071
-0.750
-0.184
-0.642
0.000
-0.921
-0.363
0.132
-1.582
-0.105
-0.956
-0.482
0.095
0.316
-0.200
-0.231
-0.285
0.232
-0.293
-0.087
-0.356
0.034
0.246
-0.392
-0.443
0.739
-0.549
0.245
-0.045
0.280
-0.690
0.294
-0.192
0.335
-0.649
0.411
-0.583
0.220
0.323
-0.124
-0.216
-0.519
-0.023
-0.711
0.129
0.647
0.405
-0.352
0.056
0.195
0.447
-0.179
-0.518
-0.031
-0.309
0.331
-0.216
0.123
0.362
0.288
0.611
0.670
-0.104
-0.428
0.453
0.301
-0.227
0.159
0.045
-0.157
0.229
-0.450
0.063
0.293
0.136
-0.206
-0.244
-0.066
0.393
-0.157
-0.308
-0.165
-0.191
-0.131
0.282
0.372
0.325
-0.460
-0.021
-0.105
-0.056
0.289
-0.144
0.125
0.285
0.044
0.097
0.037
-0.136
0.051
0.290
-0.401
0.218
-0.431
-0.023
-0.113
0.064
0.198
-0.395
-0.303
-0.019
-0.631
0.213
-0.001
0.063
-0.298
-0.073
0.052
0.116
-0.038
0.020
0.543
0.015
-0.439
-0.333
0.372
0.184
0.278
-0.333
0.168
0.273
0.278
-0.133
-0.280
0.474
-0.026
0.389
0.270
0.069
-0.121
0.296
0.335
0.014
0.007
0.641
0.069
0.495
0.405
-0.069
-0.459
0.276
0.103
-0.398
-0.125
0.002
0.176
0.119
0.041
0.473
-0.441
0.197
-0.157
-0.044
0.020
-0.742
0.568
0.236
0.376
0.192
0.060
0.091
0.202
-0.212
-0.074
-0.031
0.135
0.123
-0.192
0.122
-0.047
-0.239
0.308
-0.100
-0.166
0.289
-0.142
0.370
0.051
0.243
0.095
0.409
-0.294
0.243
-0.088
-0.098
-0.143
0.477
0.369
-0.368
0.375
0.187
0.795
0.036
-0.446
-0.587
0.064
0.059
-0.240
-0.134
0.157
0.258
0.113
0.161
0.031
0.067
-0.137
0.041
0.339
-0.182
0.092
0.128
0.091
0.523
-0.016
-0.478
-0.284
-1.593
-0.392
-0.375
-0.519
-0.436
-0.025
-0.424
0.123
-0.438
0.569
-0.082
-0.255
0.292
0.119
-0.168
0.209
-0.381
0.708
-0.192
-0.569
-0.481
-0.454
-0.528
-0.640
-1.179
-0.579
-0.197
-0.267
0.315
-0.290
-0.544
-0.119
-0.033
0.186
-0.783
0.300
-0.073
-0.508
-0.664
-0.361
0.036
-0.098
0.664
0.607
0.092
-0.118
-0.064
0.062
0.558
0.392
0.156
0.075
0.241
0.409
0.674
0.220
0.343
0.680
0.759
0.160
0.079
-0.052
-0.837
0.722
-0.596
-0.143
-0.386
-0.499
0.471
-0.493
0.023
0.769
-0.132
0.461
0.232
0.756
-0.248
0.250
0.176
-0.336
-0.659
-0.337
0.442
-0.485
-0.820
-0.094
-0.392
0.577
-0.284
0.517
0.227
0.113
-0.403
0.187
-0.588
-0.537
0.007
-0.334
-0.464
-0.054
-0.265
0.356
-0.216
-0.999
0.013
-0.471
-0.013
0.070
-0.309
0.041
0.317
-0.441
0.391
0.662
0.212
0.615
0.104
-0.176
-0.174
0.277
0.476
0.356
-0.310
-0.379
0.312
-0.230
-0.416
0.217
0.001
0.284
-0.257
-0.077
-0.066
-0.008
-0.281
0.296
0.017
0.041
-0.628
0.043
0.049
0.239
0.333
0.170
0.161
-0.622
0.503
-0.613
-0.374
0.021
0.323
-0.177
-0.640
0.073
-0.442
-0.078
-0.024
0.269
0.292
-0.506
0.009
-0.150
0.074
-0.196
0.007
0.221
0.336
-0.721
0.019
-0.120
0.059
-0.357
0.280
0.204
-0.082
0.293
-0.512
-0.213
0.351
0.144
-0.213
0.389
-0.367
0.116
0.233
-0.136
0.038
-0.789
-0.161
0.511
-0.904
0.391
0.078
0.139
0.748
0.262
0.058
-0.333
0.257
-0.531
-0.230
0.174
0.266
-0.296
-0.264
0.135
-0.090
0.394
-0.068
0.355
0.428
-0.044
-0.035
0.401
0.129
0.059
-0.299
0.107
0.155
0.041
0.281
-0.238
-0.393
-0.356
0.081
-0.108
-0.153
-0.156
0.528
-0.518
-0.213
-0.532
0.038
-0.507
-0.296
0.063
0.089
0.042
-0.004
-0.178
-0.612
0.047
0.072
0.103
-0.507
0.069
-0.283
0.355
-0.086
-0.020
-0.186
0.262
0.246
-0.557
0.145
-0.898
-0.060
-0.131
-0.024
-0.995
-0.291
-0.444
-0.545
-0.137
-0.392
-0.903
-0.327
-0.314
0.774
0.044
-0.164
0.327
1.017
-0.544
0.045
0.362
0.308
-0.500
0.524
0.608
-0.086
-0.533
0.113
0.026
-0.408
-0.446
0.096
-1.140
-0.429
-0.925
-0.524
-0.194
-0.369
0.402
-0.601
-0.109
-0.059
0.513
-0.836
-0.481
0.384
0.324
-0.182
-0.574
0.396
0.212
-0.041
-0.370
0.552
0.472
-0.612
0.043
-0.157
0.065
0.254
0.111
0.538
0.006
0.652
-0.016
0.094
0.547
-0.153
0.392
0.105
-0.035
-0.104
-0.296
-0.178
0.195
0.152
0.049
-0.402
-0.109
-0.442
0.278
0.522
0.066
0.338
0.738
0.151
0.407
0.189
0.807
-0.130
-0.018
0.877
0.337
-0.320
-0.114
0.365
0.046
-0.316
-0.431
0.234
0.244
0.475
0.302
0.406
-0.210
-0.028
0.082
0.014
-0.392
-0.001
0.246
0.048
0.592
0.301
-0.044
-0.057
-0.046
0.358
-0.127
-0.133
-0.441
0.274
0.373
0.181
-0.107
-0.625
0.162
0.026
-0.333
-0.034
0.131
-0.000
0.335
-0.146
-0.115
0.191
-0.394
0.091
0.067
-0.447
0.042
-0.036
-0.082
-0.160
0.021
0.123
0.431
0.253
0.126
-0.139
0.378
-0.044
0.368
0.390
-0.259
-0.017
0.234
-0.125
-0.316
0.126
0.023
0.085
0.700
0.003
0.248
0.075
-0.303
0.312
0.071
-0.049
-0.044
-0.094
-0.007
0.068
-0.044
-0.205
-0.229
-0.595
0.441
0.041
-0.069
0.290
-0.239
0.200
0.068
0.114
0.125
0.327
-0.231
0.062
-0.225
0.285
-0.177
-0.288
-0.022
-0.411
-0.212
-0.047
0.359
-0.042
0.077
0.238
0.072
0.062
0.679
0.149
0.129
-0.328
0.005
0.074
0.171
0.242
0.223
0.236
-0.208
0.016
0.008
0.205
-0.374
0.456
-0.262
0.059
0.064
0.085
0.063
-0.017
-0.223
0.199
-0.249
-0.136
-0.211
-0.325
-0.236
0.028
-0.392
-0.048
0.295
0.399
0.099
0.322
-0.117
0.159
0.013
0.115
-0.198
0.073
0.140
0.439
0.009
-0.032
-0.029
0.248
0.105
0.592
0.403
-0.044
-1.072
-0.816
0.224
0.116
-0.005
-1.316
0.322
-0.138
-0.251
0.116
-0.650
0.085
0.027
0.888
-0.488
0.048
-0.215
-0.176
0.570
-0.692
0.201
-0.678
-0.691
0.716
-0.468
-0.932
-0.195
0.291
0.203
-0.973
-0.746
0.837
0.425
-1.135
0.666
-0.355
-0.137
-0.212
-0.382
-0.968
0.455
0.636
-0.694
0.414
0.773
-0.512
0.039
0.134
0.395
0.511
0.337
-0.053
0.987
-0.031
-0.587
0.427
-0.052
-0.001
0.751
-0.262
-0.070
0.340
-0.463
-0.451
-0.251
0.048
0.681
-0.344
-0.092
-0.043
-0.260
0.135
0.106
0.519
-0.393
0.080
0.226
-0.040
0.080
-0.316
0.158
-0.394
0.012
-0.139
-0.294
0.039
0.238
-0.125
-0.374
0.075
-0.063
-0.667
-0.221
-0.005
0.123
0.058
0.141
0.472
-0.124
-0.077
-0.021
0.836
-0.120
0.198
-0.000
0.296
-0.464
0.237
-0.078
-0.063
0.544
-0.084
0.036
-0.134
0.108
-0.063
-0.862
0.300
0.624
-0.341
-0.439
-0.220
0.234
0.783
0.470
0.774
0.325
-0.039
-0.040
0.022
0.360
0.046
0.246
-0.089
0.588
-0.700
0.157
-0.172
-0.098
-0.135
0.245
-0.645
-0.671
0.480
-0.101
0.646
0.104
0.262
-0.271
0.240
-0.296
-0.085
0.391
-0.223
0.102
-0.167
-0.203
0.019
-0.652
0.142
0.079
0.398
0.116
0.353
0.186
-0.635
-0.021
-0.757
-0.129
0.447
-0.577
-0.237
-0.134
-0.109
-0.090
0.518
-0.284
0.038
0.155
0.366
-0.033
-0.564
0.115
-0.008
-0.069
0.042
-0.128
0.254
0.243
0.393
-0.152
-0.800
0.298
-0.353
-0.549
0.403
-0.194
0.649
-0.436
-0.493
0.397
0.085
0.185
0.284
-0.640
0.187
-0.847
-0.042
-0.376
0.081
-0.170
0.381
0.206
0.123
-0.203
-0.114
-0.098
-0.276
0.136
-0.062
0.292
-0.326
0.471
0.292
0.258
-0.377
-0.516
0.125
-0.619
0.201
0.212
-0.658
0.375
-0.097
-0.018
0.027
0.171
0.111
-0.090
0.147
-0.036
-0.058
-0.290
-0.085
0.415
-0.149
0.087
0.228
0.402
-0.176
-0.184
-0.204
-0.382
0.162
-0.545
0.013
-0.389
0.162
-0.331
-0.272
-0.710
-0.235
-0.045
-1.107
-1.228
-0.013
-0.894
0.329
0.442
-0.459
-1.529
-0.720
-0.131
0.414
0.402
0.250
-0.817
-0.480
-0.461
0.151
-0.810
-0.017
0.274
0.486
-0.533
0.079
0.225
0.219
-0.388
-0.280
-0.356
-0.316
-0.952
-0.670
0.119
-0.388
0.734
-1.015
-0.577
-0.383
-0.084
-0.319
0.248
0.037
-0.001
-0.527
0.072
-0.388
-0.519
0.593
-0.256
-0.069
-0.501
-0.910
-0.021
0.657
0.159
-0.881
0.505
0.025
0.159
0.176
0.081
0.605
0.380
0.583
-0.195
0.431
-0.481
0.379
0.148
-0.313
-0.056
0.230
0.505
0.770
0.451
0.303
0.245
0.564
0.549
-0.120
-0.119
0.065
0.149
-0.512
0.039
0.137
0.187
0.544
0.033
0.147
0.444
-0.405
-0.263
0.071
0.147
-0.280
-0.125
0.305
-0.029
0.137
0.021
0.270
-0.420
-0.062
0.171
-0.081
0.272
-0.103
0.291
0.276
-0.392
0.092
-0.053
-0.363
-0.009
0.055
0.312
-0.158
0.301
-0.071
0.262
-0.200
-0.329
-0.060
0.448
0.240
0.077
-0.123
-0.295
-0.403
0.132
0.185
0.028
-0.012
0.249
-0.232
0.251
-0.489
0.090
0.142
0.081
-0.266
0.040
-0.121
0.113
-0.121
0.049
0.149
-0.464
-0.013
-0.035
-0.211
-0.059
0.164
0.077
0.030
0.493
0.434
-0.077
0.181
0.019
0.005
0.337
0.387
-0.047
-0.057
0.033
0.088
-0.604
-0.024
-0.061
-0.376
0.300
-0.268
0.144
-0.042
0.066
-0.447
0.011
0.162
0.120
0.257
0.046
-0.433
0.379
-0.061
0.206
-0.034
0.348
0.168
-0.203
-0.224
-0.043
-0.295
-0.408
-0.068
0.252
-0.090
0.310
0.198
-0.249
0.346
0.196
-0.137
0.350
0.579
-0.035
0.117
-0.151
-0.236
-0.008
0.315
0.058
0.358
0.217
0.353
-0.223
0.121
0.174
0.031
-0.101
-0.375
0.371
0.413
0.167
-0.491
0.285
0.371
-0.504
-0.401
0.010
0.325
0.186
0.051
0.282
-0.230
0.136
-0.177
-0.200
0.133
-0.167
-0.347
0.273
0.083
-0.044
0.089
-0.159
0.259
0.263
0.365
0.306
-0.024
0.020
-0.064
-0.383
-0.422
-0.395
-0.273
-0.240
-0.194
-0.045
0.153
0.055
0.186
0.313
0.351
0.373
0.308
0.302
0.036
0.105
0.225
-0.069
-0.267
-0.164
-0.346
-0.279
-0.355
-0.431
-0.167
-0.253
-0.336
-0.187
-0.359
-0.301
-0.193
-0.104
-0.050
-0.271
-0.046
-0.033
-0.203
0.071
0.027
0.051
0.168
0.065
0.221
0.085
0.082
0.333
0.074
0.053
0.101
0.036
0.112
0.069
0.261
-0.054
0.217
-0.206
-0.030
0.285
0.122
-0.139
0.444
0.002
0.109
-0.056
-0.114
0.103
0.223
0.086
-0.069
-0.124
0.187
0.137
0.430
-0.336
0.071
-0.110
0.192
0.118
-0.142
0.076
0.011
-0.304
0.046
0.274
0.029
0.019
0.159
-0.113
-0.061
-0.444
0.154
0.348
0.212
-0.068
0.189
0.358
0.067
-0.449
0.122
-0.038
0.297
-0.139
-0.031
0.212
-0.402
-0.314
0.124
-0.009
0.312
-0.297
0.080
-0.299
-0.549
0.389
-0.121
0.179
-0.219
-0.018
-0.188
-0.158
-0.085
0.320
0.024
0.160
-0.115
-0.384
0.198
0.429
-0.177
0.201
0.294
0.260
-0.158
0.245
0.024
-0.063
-0.243
0.380
-0.171
0.321
0.372
-0.217
0.274
-0.190
-0.005
0.300
-0.608
0.357
0.255
-0.255
0.252
-0.108
-0.181
-0.513
-0.352
-0.461
0.368
-0.279
0.113
0.375
0.041
0.299
-0.404
-0.164
0.223
0.041
0.283
0.109
-0.191
0.473
-0.508
0.045
-0.397
0.230
-0.212
0.234
-0.102
0.109
0.059
0.059
-0.181
0.098
-0.311
-0.008
-0.095
-0.158
0.335
-0.049
0.179
-0.169
0.197
-0.212
0.030
-0.211
0.003
-0.621
-0.117
-0.492
0.289
0.380
0.181
0.048
0.090
0.401
-0.146
0.000
0.043
-0.527
0.062
-0.104
-0.623
0.322
-0.146
0.028
-0.142
0.086
0.268
0.386
0.367
0.423
-0.004
-0.171
-0.377
-0.061
0.135
-0.273
-0.274
0.403
0.062
0.456
0.119
-0.143
0.279
0.228
-0.686
-0.265
-0.133
0.084
-0.152
-0.740
-0.022
0.178
0.293
0.213
-0.367
0.485
0.078
0.181
-0.011
-0.155
0.044
0.212
0.210
0.287
0.361
0.246
0.081
-0.087
-0.314
-0.389
-0.389
-0.382
-0.313
-0.226
-0.196
0.029
0.115
0.098
0.118
0.253
0.327
0.296
0.360
0.379
0.223
0.347
0.248
0.096
0.154
0.101
0.011
-0.015
-0.090
-0.171
-0.228
-0.083
-0.393
-0.366
-0.270
-0.369
-0.143
-0.194
-0.241
-0.263
-0.233
-0.314
-0.057
-0.170
-0.367
-0.301
-0.055
-0.338
-0.207
-0.285
-0.109
-0.130
-0.093
-0.224
0.066
-0.141
-0.139
-0.051
0.035
0.176
0.238
0.117
0.042
0.300
-0.034
0.044
0.192
0.094
0.141
0.123
-0.156
0.131
0.058
-0.248
0.006
0.125
0.252
0.112
0.346
0.584
0.110
-0.074
0.059
0.031
0.279
0.285
-0.250
-0.100
0.080
-0.087
0.028
-0.141
0.007
0.656
0.321
0.348
-0.126
0.214
-0.342
-0.118
-0.114
-0.225
-0.266
0.063
0.474
0.810
0.280
-0.115
-0.584
0.020
0.178
-0.065
0.336
-0.129
0.306
0.013
-0.431
-0.321
0.041
-0.402
0.059
-0.445
-0.046
0.320
-0.123
0.425
0.743
-0.454
0.267
-0.388
0.074
-0.302
0.038
0.114
0.124
0.131
-0.293
0.666
0.302
0.107
-0.152
-0.248
-0.512
0.030
0.064
0.020
0.334
-0.479
0.206
0.565
0.083
0.315
-0.451
-0.139
-0.153
-0.851
0.288
-0.151
-0.169
-0.153
0.339
0.072
-0.179
0.444
0.008
-0.506
-0.459
-0.221
-0.220
-0.062
-0.316
0.130
-0.467
0.441
-0.194
-0.691
0.593
0.155
-0.168
0.582
-0.094
0.204
0.322
-0.389
-0.177
-0.092
-0.036
-0.128
-0.362
0.080
0.666
0.120
0.572
0.674
-0.234
0.113
0.201
-0.228
-0.062
-0.177
0.074
0.641
-0.277
0.411
-0.643
-0.205
-0.055
-0.118
-0.190
-0.378
0.397
-0.471
-0.343
0.070
0.412
-0.639
0.169
-0.688
-0.594
0.098
0.530
0.104
-0.178
0.280
-0.373
0.500
0.115
0.229
-0.200
0.164
-0.189
0.181
-0.125
0.164
-0.152
0.128
0.391
0.425
-0.117
-0.199
-0.079
-0.258
0.023
0.009
-0.678
-0.249
0.296
-0.028
-0.054
-0.354
0.246
-0.079
0.128
0.454
0.492
0.134
0.116
-0.047
-0.432
-0.316
-0.418
-0.276
-0.370
-0.092
-0.329
0.248
0.391
0.082
0.431
0.366
0.352
0.526
0.366
0.109
0.322
0.190
-0.197
-0.140
-0.175
-0.423
-0.139
-0.215
-0.469
-0.352
-0.209
-0.563
-0.224
-0.367
-0.504
-0.164
-0.182
-0.089
-0.354
-0.184
-0.044
0.340
-0.249
-0.032
0.036
0.305
0.023
0.153
-0.020
0.229
-0.010
0.311
0.242
0.027
0.085
0.307
0.031
0.258
0.445
-0.030
0.280
0.302
0.237
0.070
0.313
0.033
0.094
-0.199
0.013
0.065
0.105
0.005
0.101
-0.142
0.233
0.343
-0.033
0.124
0.463
-0.074
0.144
0.174
-0.155
0.152
0.012
0.305
-0.150
-0.100
-0.133
0.593
-0.075
-0.172
0.297
-0.042
0.088
0.164
-0.063
-0.332
-0.237
0.028
0.319
0.257
-0.147
0.051
0.090
-0.324
-0.240
0.306
-0.033
0.209
0.224
0.027
0.090
-0.140
-0.296
0.095
-0.452
-0.247
0.091
-0.351
0.194
-0.212
-0.379
-0.168
-0.167
-0.186
-0.321
0.136
-0.300
-0.309
0.285
-0.323
0.153
0.057
0.544
-0.051
0.147
0.002
-0.038
0.133
0.019
-0.294
-0.053
-0.304
0.030
0.172
0.455
0.365
-0.131
-0.085
-0.062
0.044
0.074
-0.368
0.021
-0.041
0.088
-0.533
0.056
-0.159
0.027
-0.422
-0.045
0.244
0.341
0.028
0.170
-0.065
0.224
-0.197
-0.231
-0.292
-0.159
0.015
-0.252
-0.517
0.124
0.378
-0.030
-0.221
0.002
-0.299
-0.548
0.084
-0.250
-0.129
-0.005
0.231
-0.075
-0.035
0.498
0.336
-0.081
-0.133
-0.136
0.048
0.101
-0.023
0.302
-0.131
-0.219
0.084
0.192
-0.158
-0.403
-0.032
0.322
0.149
-0.077
0.193
-0.002
0.020
0.335
0.179
0.405
0.589
-0.265
-0.264
-0.190
-0.204
0.206
-0.122
-0.161
-0.116
-0.263
0.010
0.264
-0.031
-0.221
-0.160
0.168
-0.274
0.111
0.103
0.336
-0.001
-0.028
0.369
-0.163
-0.043
-0.044
0.055
0.781
0.584
-0.313
0.207
0.189
0.007
0.135
-0.296
0.045
-0.042
-0.184
-0.275
-0.294
-0.210
0.317
-0.207
0.488
0.472
0.302
0.408
0.415
0.008
-0.076
-0.291
-0.460
-0.166
-0.119
-0.192
0.017
-0.124
-0.128
0.247
0.279
0.249
0.390
0.348
0.383
0.288
0.418
0.142
0.345
0.332
0.286
-0.084
-0.035
0.088
-0.173
0.028
-0.228
-0.209
-0.390
0.032
-0.253
-0.465
-0.472
-0.186
-0.282
-0.166
-0.277
-0.501
-0.001
-0.358
0.091
-0.242
-0.262
-0.044
-0.212
0.084
-0.128
-0.312
-0.005
-0.092
-0.096
-0.007
-0.019
-0.167
-0.027
-0.140
0.032
0.038
-0.004
0.210
0.322
0.342
0.215
0.184
0.064
0.115
0.237
0.356
0.347
-0.013
-0.099
-0.177
0.359
-0.057
0.158
0.018
-0.043
0.218
-0.063
-0.161
0.049
-0.404
0.076
0.200
-0.150
0.197
-0.131
-0.019
0.189
0.161
-0.075
-0.014
-0.161
0.084
0.210
-0.139
-0.521
0.146
-0.218
-0.359
-0.791
0.628
-0.374
-0.232
0.375
0.406
-0.139
-0.067
-0.259
-0.429
-0.018
-0.473
0.554
-0.774
-0.182
0.176
0.322
-0.242
-0.087
0.029
-0.088
-0.329
0.184
0.070
0.194
-0.902
0.405
-0.417
0.318
0.300
0.724
-0.152
0.371
-0.193
0.257
0.309
-0.526
0.093
0.057
-0.304
-0.096
0.495
0.225
-0.152
-0.307
-0.103
0.303
0.428
-0.254
0.221
-0.136
-0.411
-0.312
-0.442
-0.045
-0.099
0.053
0.732
0.417
-0.334
0.111
0.043
-0.467
-0.229
-0.039
0.111
-0.150
-0.435
0.192
0.331
0.822
0.013
0.120
0.901
0.426
-0.214
-0.411
-0.288
0.098
0.019
0.699
0.230
-0.064
0.290
0.147
0.061
-0.639
0.574
-0.071
-0.543
0.482
0.083
-0.083
-0.284
0.203
0.444
-0.006
-0.006
0.360
-0.279
-0.009
-0.259
-0.195
0.364
0.439
0.388
0.743
0.357
-0.555
0.011
0.454
0.034
0.155
-0.183
-0.541
0.036
0.102
-0.268
-0.362
0.435
-0.498
-0.494
-0.487
0.221
0.212
-0.254
-0.326
-0.477
0.231
-0.185
-0.242
-0.588
-0.226
-0.472
0.060
-0.452
0.049
-0.694
-0.070
-0.445
-0.274
0.596
0.316
0.165
