-1.132
1.122
0.759
1.446
-0.958
0.258
-2.750
-1.876
-0.551
1.453
-0.996
-0.070
1.568
-0.520
-0.019
1.011
-0.250
0.359
1.241
-0.185
-2.134
-1.052
0.478
1.254
-0.320
-0.148
-0.130
0.895
-0.309
1.908
-1.042
0.198
-0.785
0.855
0.084
-0.981
-3.195
-0.705
0.070
2.563
-0.481
2.621
0.336
0.683
2.034
-0.260
0.901
0.871
0.284
-0.876
-0.781
1.087
-0.204
-0.364
0.304
0.802
1.184
-0.229
0.409
-0.320
1.107
1.233
0.319
1.691
1.750
0.565
0.478
-1.109
-0.805
-0.298
-4.041
2.243
1.410
-1.056
-0.367
-0.039
0.098
0.074
0.964
1.692
-1.503
-0.288
-0.461
-0.259
-1.378
-0.430
0.276
-1.756
0.080
-3.123
0.185
-0.706
3.183
-1.658
-0.784
-0.627
1.008
-0.733
-1.218
-0.437
0.243
1.192
-1.324
0.448
-0.733
0.228
-1.217
-0.191
-1.058
-2.567
1.474
-0.341
-0.742
-0.334
-0.292
-2.068
0.882
-0.662
-1.571
0.200
-1.071
-1.618
0.278
0.298
1.209
-1.094
-2.198
-0.617
0.342
1.320
-0.261
0.917
-1.459
0.742
0.823
1.785
0.262
0.111
1.020
-0.459
-1.173
0.231
0.238
0.594
0.078
-2.287
0.424
0.006
0.145
-0.645
1.060
0.608
1.386
-0.807
-1.015
0.012
-0.385
0.863
-0.163
-0.796
1.403
0.549
-2.146
0.396
0.829
0.296
0.121
-0.149
-1.609
-0.046
-0.218
0.760
0.806
-2.653
-0.012
0.858
-0.654
-0.049
-0.544
-0.161
-0.339
1.488
-0.773
-1.292
1.382
-0.723
-0.661
-2.257
1.346
0.076
1.055
0.406
1.296
-0.124
-0.733
-1.484
-1.547
1.130
0.178
0.077
-0.394
-1.856
-0.281
-0.040
-0.085
1.019
0.153
-0.233
0.449
-0.831
-0.819
-0.465
-1.119
-1.565
2.058
2.248
0.114
1.483
1.229
1.099
0.405
0.050
0.703
1.503
-0.136
0.732
-1.391
0.722
0.159
-1.526
-1.476
-0.688
-0.031
1.830
0.770
-0.075
1.318
0.084
0.547
0.911
-2.083
1.366
-0.462
-0.492
0.389
1.059
-0.161
-0.949
-1.034
1.892
-0.418
-0.287
0.548
1.534
-1.123
0.087
-0.418
-0.770
1.319
0.448
-0.161
-0.782
1.230
-0.298
0.787
-0.259
-0.504
-1.082
0.613
-0.712
1.071
-1.335
1.697
-0.131
0.498
-0.417
0.313
0.504
-1.081
0.678
1.038
-0.182
1.181
-0.191
-0.627
0.154
-2.626
0.025
-0.621
0.187
-0.088
-0.315
-0.830
-2.028
-1.806
1.437
-1.650
1.751
-1.706
-0.994
-0.355
-0.592
0.918
-0.368
0.794
-0.514
-1.810
0.791
0.307
-1.705
-0.541
0.412
-0.091
0.004
1.924
-1.607
-0.775
-0.867
-0.270
-0.140
0.534
0.160
-0.096
1.484
-1.496
-0.325
0.836
-0.431
-0.035
-0.190
-0.422
-0.556
0.478
-0.107
0.703
0.344
1.191
-0.502
-1.616
0.147
-0.570
0.996
0.368
1.310
-0.765
1.567
0.029
0.762
0.207
0.659
0.753
1.396
-1.567
0.007
-0.342
-0.789
-0.691
1.912
0.171
0.119
1.447
0.427
-0.074
0.915
0.672
0.349
0.342
2.368
-0.915
-0.249
0.789
-0.011
-0.317
0.095
-0.398
-0.565
0.686
0.038
-1.153
-0.822
-0.911
1.500
0.105
0.749
1.220
0.674
-0.339
-0.631
1.270
0.890
0.164
-1.663
-0.667
-1.592
1.047
-0.456
2.575
0.172
-0.479
-0.650
0.389
-1.008
0.357
-0.964
0.852
-0.870
-0.784
0.582
0.575
-2.011
0.622
-1.055
-0.643
-0.056
-0.052
-0.304
-0.825
2.594
-0.644
0.139
0.553
1.632
-0.589
-0.450
1.611
-1.930
-0.641
0.191
0.170
-1.177
-1.547
1.811
-0.163
-1.538
0.397
-0.005
-0.225
-1.449
1.662
1.204
-0.899
-0.185
0.008
1.177
0.434
0.915
-2.224
-1.019
-0.367
-0.282
1.724
-1.450
1.255
1.378
1.102
-1.615
-0.104
0.600
0.771
-1.471
1.800
0.152
0.453
1.093
-0.654
-1.771
-0.096
-1.750
1.727
-0.242
0.410
-0.513
-0.200
0.137
0.322
-1.093
-0.515
0.050
1.434
-0.778
-2.328
-2.379
0.503
1.023
-0.477
-1.210
-0.669
0.677
-0.306
1.332
-0.928
0.724
0.320
-0.336
-0.420
1.429
0.246
-1.842
0.625
-0.949
-0.338
-1.576
-0.960
1.922
-1.877
0.697
-0.905
-2.932
0.060
-0.721
0.688
0.084
0.107
1.625
-0.237
1.480
-2.072
1.295
-2.888
-0.385
-1.056
0.818
-1.664
-3.139
1.579
1.378
0.759
0.787
1.840
-1.012
-0.364
0.562
-2.106
1.272
1.456
1.068
-0.836
1.093
-1.182
-0.311
0.041
0.891
-0.007
-0.978
-0.624
0.811
1.816
0.335
-2.168
-0.471
0.182
1.668
-0.375
-0.248
-0.365
-1.154
1.643
0.287
0.436
-0.580
-1.635
-1.523
0.921
0.130
0.294
-0.160
0.756
0.206
-2.053
-2.628
-0.231
0.087
-0.789
2.949
-1.652
1.254
-1.377
1.142
0.327
0.375
1.719
-0.445
-3.184
-1.065
0.477
0.888
0.014
2.273
1.353
1.740
1.256
1.409
-1.770
-0.113
0.831
-0.261
-1.464
1.153
0.221
-1.158
-0.199
-1.437
2.581
-0.402
1.642
-1.180
0.109
0.725
-1.872
0.721
-0.090
1.890
0.140
-2.603
-3.188
-0.749
0.216
0.657
-0.798
0.495
-1.556
-1.740
0.859
-2.043
-2.526
-0.779
-0.124
0.903
-0.686
0.662
0.260
1.297
-1.017
-2.057
1.646
1.699
-1.005
0.773
1.266
-0.166
-0.432
-0.738
0.810
-1.846
1.366
-0.859
-0.496
-1.428
0.432
-1.047
-0.380
-1.277
-0.882
0.244
1.829
-0.139
0.022
-0.334
0.828
-0.671
0.360
-0.772
-0.942
0.329
0.592
0.456
-0.785
-0.664
1.225
-0.491
-0.450
0.732
-0.634
0.281
-0.651
-0.434
-0.721
-1.081
-0.124
-2.060
-0.383
-0.341
0.629
-0.498
0.083
-1.447
0.312
1.301
-0.586
0.455
1.002
0.740
0.466
-0.025
0.786
-0.248
0.760
0.938
-0.886
-2.006
0.334
0.908
0.416
1.895
-0.313
-0.455
0.078
0.745
-1.981
-0.703
0.561
0.134
0.191
-0.233
-0.965
-0.089
-0.256
-0.020
-0.457
-0.688
0.305
0.544
-0.052
-0.127
-1.691
-0.343
0.670
-1.575
0.395
2.438
-0.630
1.088
0.700
0.085
0.661
-0.414
-0.070
1.381
0.857
0.371
-0.114
0.785
0.587
-1.015
-0.078
-0.062
-0.037
0.056
-1.344
0.632
-1.410
1.248
-0.525
1.039
-0.367
0.120
1.661
1.238
0.731
-1.362
-1.287
0.000
-0.019
0.529
1.394
0.689
-0.910
-0.780
0.533
-0.289
0.978
-2.415
-1.055
0.714
1.179
-1.308
1.972
-0.594
0.441
-1.523
2.034
-1.165
1.990
0.580
0.853
0.153
-1.365
0.082
0.871
-0.193
0.611
-1.062
1.415
-0.884
0.354
0.680
-1.803
0.173
0.466
0.908
0.897
0.378
-1.037
-0.405
-0.075
1.130
-0.688
0.938
-1.864
1.854
-2.326
0.290
-1.244
-0.301
0.605
-1.444
0.131
-0.021
-1.366
2.083
1.233
-1.366
0.529
0.797
1.231
0.409
0.609
0.246
0.112
0.509
-0.117
-1.710
0.779
-0.438
0.440
0.947
-0.704
0.303
-0.826
-0.139
-0.219
-0.289
0.805
0.119
-0.295
-0.014
1.340
-0.963
2.059
-0.028
-1.714
1.817
0.345
-0.124
0.174
0.263
-0.046
1.885
-0.484
0.517
-0.360
-0.968
-0.423
1.313
-0.265
0.354
0.852
0.289
-0.608
0.556
-0.525
0.385
0.665
0.742
0.660
-0.376
0.981
-0.143
0.269
0.754
1.032
-0.928
-0.567
-0.693
-0.426
-0.575
-0.179
0.713
0.685
1.309
-0.564
-1.331
-1.686
2.252
0.792
0.743
1.356
-1.378
0.283
-1.097
0.884
-1.986
-1.193
-0.529
0.358
0.345
0.661
-0.478
1.794
-0.661
1.286
0.368
1.260
0.620
-0.450
-0.248
0.686
-0.126
-0.233
-0.246
0.337
-0.889
0.619
-0.587
-1.885
-0.508
0.100
0.136
0.523
0.383
0.200
0.195
0.532
1.232
0.526
-0.432
1.085
-0.296
0.495
-0.866
-0.607
-0.087
-1.356
1.942
-0.951
-1.127
2.161
0.457
-0.644
-0.874
1.945
-0.085
-0.594
-1.633
-0.751
0.745
0.977
-0.971
-1.863
0.515
-2.326
0.004
0.913
-1.073
0.379
-0.524
1.220
-2.032
-0.622
1.366
0.142
-0.744
0.295
-0.908
-0.105
1.533
-0.926
-1.278
-0.367
-2.437
0.023
-0.861
0.804
-1.081
0.206
-0.265
-0.590
0.117
-0.115
-0.246
1.416
-0.721
-0.653
-0.806
1.725
1.060
-0.871
0.189
-1.380
-1.199
-0.669
1.532
-0.523
0.383
0.667
0.449
1.143
1.626
-1.038
-0.856
-0.003
0.912
0.162
-1.360
-0.675
2.248
0.546
0.664
-1.719
-0.595
0.834
0.164
1.015
-0.666
3.474
-0.337
0.418
1.344
-0.855
-1.317
-1.060
-1.490
-1.004
0.591
-1.862
-3.299
1.219
3.199
-1.412
0.280
0.970
-2.737
1.362
0.825
-2.083
1.911
-0.141
1.285
-0.204
-1.548
-0.356
-1.482
-1.222
2.879
-0.596
1.108
-1.137
-0.707
0.929
0.735
-1.380
1.835
0.501
0.566
-1.320
-2.316
-0.643
2.931
-0.732
2.086
0.323
0.395
0.985
-1.916
0.267
-0.564
-0.183
1.974
0.762
2.136
-2.283
-2.611
0.587
-0.610
-2.202
1.637
-0.802
1.443
0.438
-1.971
-1.203
0.381
-0.031
-0.582
0.102
-1.042
-0.130
0.380
-0.688
0.866
-0.579
0.928
1.009
1.544
-0.885
-0.296
-1.877
-0.252
-1.063
0.671
-2.933
1.638
-0.478
1.702
3.297
1.197
0.961
-1.041
1.372
-0.852
-0.112
1.671
1.494
-0.773
1.005
-1.884
-1.582
0.736
1.110
0.997
0.363
-0.324
-1.046
-0.793
-2.095
0.171
-3.502
2.977
0.913
-0.943
1.520
-1.282
-0.787
-1.636
-1.584
-2.016
-0.509
0.086
-0.699
0.296
-1.077
-1.725
-0.694
-0.063
1.572
-0.288
0.840
0.371
-0.273
-0.466
0.315
-0.659
0.386
0.324
0.330
1.872
-0.574
-1.461
1.209
-0.899
0.884
-0.280
1.915
0.218
1.059
0.258
0.809
-0.251
-0.046
0.995
0.103
-1.321
-1.307
1.510
0.236
0.653
1.040
0.796
1.101
0.322
0.617
0.213
-1.223
1.446
-0.077
0.862
0.404
-1.057
0.528
0.645
-0.732
0.050
0.386
-0.146
1.049
-1.302
0.312
-0.319
-0.680
0.562
-0.635
-0.393
0.037
1.057
0.620
0.246
1.377
-0.227
-1.697
-1.023
-0.966
-1.121
-1.125
1.801
1.054
0.389
1.188
-1.558
1.003
-0.764
-0.586
0.082
-0.356
0.206
0.205
1.690
-1.444
-0.474
1.263
-0.922
1.153
-0.231
-1.317
-0.406
-1.303
-0.185
0.764
-0.559
0.266
0.067
0.192
0.526
-0.945
0.337
0.629
-2.518
0.348
-1.063
-0.484
-0.302
0.172
0.041
-0.365
-0.190
-0.664
-0.399
-1.703
0.023
0.971
0.263
1.618
0.626
-1.882
0.176
-0.278
-1.070
0.684
1.380
0.422
0.853
-0.103
-0.276
0.293
-1.125
-1.373
0.224
0.504
-0.866
0.576
-0.516
0.727
-2.094
0.069
0.670
1.577
0.854
1.147
-1.256
-0.048
1.610
0.398
-0.587
2.177
1.002
-0.514
-0.829
0.026
-0.166
-0.073
1.659
-0.373
0.454
1.566
-0.020
-0.902
1.496
0.145
0.714
-0.152
-0.575
0.023
1.681
0.200
-1.078
0.764
1.295
-1.248
-1.342
-0.591
-0.731
1.279
1.761
0.962
0.104
0.613
-0.571
0.698
1.618
0.105
-0.807
0.114
1.478
-1.319
-0.534
1.033
0.510
0.675
-1.645
0.076
1.526
-0.021
-1.648
0.531
0.803
1.062
1.013
-0.142
-0.431
-0.451
1.059
0.194
-0.060
-0.260
1.262
0.439
-0.450
-0.115
2.115
-0.196
2.609
-0.060
-0.595
-0.066
-1.462
-0.422
0.091
0.067
-1.614
0.790
-0.755
0.181
-0.131
-0.270
0.252
0.705
-0.692
-0.544
-0.161
-0.438
-0.114
-0.236
-0.580
0.253
-0.642
0.071
-0.661
2.079
-0.684
-2.208
0.423
1.598
2.329
-0.042
-0.672
-2.078
0.956
0.101
0.493
1.183
-0.517
-1.240
-0.422
1.036
-0.329
0.745
0.429
0.557
0.827
1.080
-0.206
0.448
-0.117
0.613
-0.613
0.859
0.684
-0.924
0.481
-0.371
-0.195
0.513
0.376
-0.957
-0.423
-1.157
-0.466
-0.259
1.019
0.492
-0.089
1.052
1.329
-0.216
1.743
2.770
1.199
-0.666
-0.519
1.812
-1.186
-0.088
-0.463
0.126
1.309
-1.203
-0.015
-2.478
-1.344
0.411
-0.810
0.542
-0.643
1.535
0.231
0.972
-0.917
-0.367
0.850
-0.642
-1.189
-0.817
-0.967
-2.311
0.281
0.743
-0.689
1.344
0.988
1.456
-1.551
-2.673
-0.169
0.451
-0.275
-1.114
-0.767
0.567
0.152
1.836
-1.136
-0.771
-1.372
-0.121
-0.543
1.670
-0.317
0.052
-1.655
-0.476
-0.480
1.914
2.036
1.919
-1.147
-0.481
-0.020
0.765
0.753
-0.497
-0.194
0.213
-0.465
-0.789
0.912
1.246
-0.234
1.712
1.006
-0.281
-0.307
-0.049
0.160
1.158
3.253
0.127
-2.035
0.660
2.893
0.090
-0.114
-0.383
-1.005
0.530
-0.073
0.248
-0.158
4.155
-0.022
-0.071
1.822
-1.177
-1.477
-1.590
-0.201
-1.218
-0.015
-0.993
-0.357
-1.273
1.942
-1.378
-0.380
-0.413
-2.207
1.488
1.222
-2.981
1.832
-0.064
1.195
-0.341
-0.018
-1.842
-0.522
0.452
-0.556
-0.962
0.432
-0.000
0.494
2.999
1.464
0.297
-0.578
-1.039
2.002
0.253
-1.570
-0.777
0.624
0.577
-0.197
1.063
-0.014
0.823
0.014
0.091
0.320
-1.402
0.180
0.041
1.468
-1.754
-1.102
-0.566
-2.095
-0.465
2.626
0.553
0.038
1.468
-0.229
-3.126
-2.474
-1.200
1.637
-0.772
0.236
-0.542
0.560
-1.688
2.304
0.330
0.960
0.002
-0.405
-2.372
-0.224
0.246
-1.263
-2.377
0.446
0.383
2.551
-0.210
0.679
1.237
1.645
3.482
1.167
1.012
-2.248
0.761
0.800
-0.551
-0.228
0.991
-2.132
0.501
-2.358
0.604
0.480
-1.486
1.551
-1.052
0.219
1.348
0.977
-1.821
0.638
0.433
0.731
0.480
0.172
1.894
1.606
0.670
-0.840
1.024
-0.056
0.613
-0.297
1.112
-1.903
-0.176
0.556
0.058
-0.977
0.017
-1.139
0.859
-0.502
1.685
-1.071
0.619
-0.352
-1.376
0.640
0.765
-0.415
-1.022
0.180
0.157
0.265
-0.305
-0.879
0.934
0.403
0.715
-0.359
-2.182
0.113
0.944
-0.307
-0.468
0.313
0.334
1.344
-1.477
0.791
-0.702
0.298
-0.185
0.716
-1.051
-0.594
-1.153
0.751
0.039
-1.986
-1.030
0.991
-0.544
0.357
0.841
1.100
1.046
-0.510
0.963
-0.222
0.649
-0.855
-1.182
-1.347
-0.358
1.437
-0.466
-0.121
2.265
-0.391
0.075
0.629
-0.294
-0.618
0.423
0.627
-0.524
0.168
0.042
-1.020
0.369
0.236
-0.717
-1.102
-0.789
-0.095
-0.331
-0.186
-1.371
-0.555
1.416
0.078
0.859
0.916
0.575
0.488
0.117
0.591
-0.402
0.346
0.740
0.993
-2.352
0.308
-0.992
1.568
0.609
0.391
-0.028
-2.348
1.885
-1.052
-0.832
0.760
0.206
-0.078
0.398
-0.131
-0.828
-0.995
0.452
1.533
2.020
-2.118
-1.576
0.139
-0.922
-0.521
0.346
2.318
-2.491
-0.150
-1.294
0.049
0.185
-0.558
-0.576
0.108
0.225
0.667
1.528
-1.987
-0.709
-0.151
1.612
-1.250
0.840
-0.561
1.686
0.348
-0.770
0.149
0.013
-0.662
0.422
-0.793
0.671
-1.095
0.791
-0.677
0.223
0.760
-0.776
-0.339
-0.645
-0.262
-0.784
0.861
-1.257
-0.909
-0.301
0.812
-0.687
0.424
0.088
-0.589
-0.832
1.547
0.787
-1.133
-0.459
0.357
-2.055
-0.206
0.855
-1.673
0.627
-0.917
-0.243
0.679
0.786
0.228
1.167
1.070
-0.901
-0.850
1.249
-0.178
0.845
-0.409
-0.165
0.086
0.518
-1.276
0.320
2.139
-0.005
0.113
0.898
1.101
-0.085
-0.208
0.783
-0.555
-1.321
0.387
-1.806
-0.110
0.353
0.440
-0.281
1.429
0.852
-0.715
-1.007
0.093
1.882
1.393
0.290
0.362
-0.457
-0.696
-1.262
-0.340
0.466
0.203
0.657
-0.919
0.751
0.551
-0.158
-0.568
0.459
-0.229
1.295
1.038
-0.401
0.882
-0.305
-0.622
0.732
-0.047
1.543
-0.406
-0.376
-1.639
-0.466
1.280
0.202
-0.919
1.089
-1.438
-0.490
-0.520
0.804
-0.497
-0.241
0.022
-0.610
-0.118
0.879
-1.401
2.404
0.783
-1.541
0.089
-0.238
-1.595
0.038
-0.092
0.016
-1.390
0.459
0.849
-0.862
0.855
1.739
-1.102
0.149
0.856
-0.458
-0.397
1.475
-0.034
-1.309
0.890
1.436
0.772
-1.468
-0.933
-0.132
-0.803
-0.330
-0.603
0.279
0.997
-2.368
0.630
-0.164
-0.820
1.815
0.085
2.916
0.133
1.657
0.187
1.312
-0.931
-0.661
-1.262
-0.236
0.785
-0.926
-0.686
-0.379
0.836
0.616
0.570
1.415
-0.240
0.973
-0.621
1.272
-0.455
-0.494
-0.465
-1.117
0.135
0.356
0.861
-0.024
0.143
-0.764
-1.540
-2.860
0.413
1.041
-0.182
0.826
-0.838
-1.622
-0.381
0.644
0.205
1.117
-0.957
-0.064
-0.897
0.913
1.455
-0.183
-0.616
0.353
-1.758
-1.873
-0.245
-0.508
0.959
0.765
0.194
0.616
-0.843
0.565
-0.862
2.419
1.949
0.421
-1.966
0.313
2.326
0.626
0.595
0.610
-0.488
0.671
1.560
-0.505
-1.376
3.392
0.039
-0.806
2.696
0.511
0.654
-0.401
-1.088
0.019
0.233
-0.730
-0.635
0.881
0.134
-0.747
-0.180
-0.954
-0.998
1.610
-0.956
-3.071
-0.469
-0.052
-1.269
1.215
1.533
-0.902
1.363
-1.326
-0.470
1.240
1.350
-0.859
0.480
0.816
1.186
1.731
-0.478
-3.305
0.539
0.624
1.172
-1.596
1.374
-0.264
2.980
-0.572
0.510
1.330
0.639
-0.823
1.916
-0.856
0.880
-0.008
2.595
-3.306
-2.350
0.949
-1.004
-2.362
1.507
0.769
2.248
-0.759
0.440
-1.709
-0.277
-3.015
-0.109
-0.768
-1.292
-1.930
1.027
-0.467
0.606
0.002
-0.683
-1.207
0.117
-0.580
-0.514
0.736
0.380
-0.763
1.069
1.481
0.385
0.838
1.035
1.564
0.052
-0.225
2.582
0.880
-0.393
0.840
0.314
-0.438
-1.072
-1.285
-2.232
-2.058
-0.648
-0.606
0.482
-0.257
0.126
-0.419
2.287
1.630
2.231
-0.429
0.455
1.009
0.361
-1.429
0.776
1.463
2.058
-1.128
-0.700
-0.047
-2.225
-1.668
-2.620
-1.585
-1.563
-0.621
-0.903
-0.614
0.223
-1.103
-0.467
1.106
-1.204
-0.133
-0.177
-0.409
-0.796
-0.836
-0.447
1.099
1.562
-1.437
0.048
0.888
1.208
-0.259
0.429
0.007
-0.059
0.431
-1.423
-0.606
-0.748
0.817
-0.929
0.107
-0.249
-0.566
0.438
-0.853
1.385
-1.362
-0.581
1.434
1.022
-0.497
-0.980
0.266
0.407
-0.619
-1.458
-1.157
-1.124
0.211
0.120
0.580
0.731
0.775
-0.087
0.258
-0.418
0.003
-1.256
-0.160
-0.836
-1.199
-0.207
-0.657
-0.448
0.479
0.337
-1.002
0.334
-0.847
0.589
0.484
0.144
-0.036
0.615
0.786
-0.433
0.239
0.678
-0.584
0.032
0.105
-1.056
0.609
0.458
-1.275
0.609
0.143
0.030
0.556
0.590
-0.261
1.541
-0.316
0.859
-0.733
-0.579
0.220
0.228
-1.520
-1.223
-0.927
0.546
1.431
-0.007
-0.496
0.492
-0.056
1.497
-0.078
1.210
0.711
-0.334
1.109
-0.625
-1.080
-0.498
1.330
0.388
-1.225
-1.671
-0.415
0.419
-1.403
1.016
0.921
0.212
-0.458
0.205
-0.117
0.483
0.214
-1.145
-0.148
0.520
-1.116
1.821
2.417
0.518
-0.457
0.786
0.858
-0.385
0.631
0.240
0.704
0.290
-0.085
0.757
0.391
-0.379
1.501
-0.977
0.079
0.459
1.137
-1.574
0.738
0.519
-0.096
0.561
-0.240
0.143
-0.705
1.015
-0.447
-1.098
-0.469
-0.246
-0.314
1.747
-0.954
-0.211
0.111
1.254
1.614
-0.655
0.353
-0.526
-0.988
0.581
1.164
-0.931
-0.432
0.056
-0.348
1.508
0.066
-0.249
-0.226
0.789
0.007
-0.271
-0.243
-1.167
0.815
1.145
-1.605
-1.165
1.048
0.108
0.841
1.188
-0.033
-1.290
0.729
-0.119
0.215
0.119
1.532
0.683
-1.879
1.475
0.385
-0.714
-0.255
-0.792
0.889
-0.128
0.058
-0.897
-1.575
-0.250
0.470
2.096
-0.087
0.188
0.562
-1.588
0.226
-0.881
-1.994
0.528
0.979
-0.803
1.364
-0.089
0.629
0.406
1.040
0.455
-0.386
-1.461
0.248
0.605
0.634
0.163
1.574
0.093
1.283
-0.757
0.260
-0.735
-0.152
1.052
-0.250
-0.073
-0.221
-1.714
-1.191
0.145
0.796
-0.295
-0.800
-0.636
-0.280
0.625
0.418
1.121
-0.050
1.658
1.766
0.155
-0.445
-0.557
0.615
-0.377
0.314
0.438
-0.522
-0.613
-1.857
1.341
0.774
-0.880
-0.195
1.494
-0.131
-0.709
0.875
0.257
0.350
1.267
0.737
0.753
-1.968
-0.987
0.028
1.127
0.963
-0.391
-0.930
0.171
-0.714
0.571
-0.645
-0.560
0.618
-1.071
2.169
-0.545
-1.287
-1.369
0.456
0.191
-0.112
-0.009
-0.452
0.524
-0.126
-0.640
0.834
0.838
0.001
-0.846
0.766
-0.820
1.149
-1.211
0.253
0.500
-0.719
0.073
-2.014
-0.295
0.868
-1.161
1.381
-0.914
-0.711
-0.169
-0.151
0.150
1.634
-0.530
0.916
-1.455
1.125
-1.735
-0.284
0.711
0.515
0.332
-1.007
-0.532
2.010
-0.835
0.365
0.722
-1.208
-1.360
-1.431
-0.532
-0.598
0.050
-0.231
2.203
0.544
-1.597
-0.572
-0.648
-0.066
1.754
0.060
-1.677
-0.192
2.754
-1.620
-0.385
0.093
-0.808
-0.390
0.562
0.114
1.150
1.226
0.654
-0.229
0.364
-0.159
-1.118
-0.621
-3.832
-2.060
-0.568
-0.987
0.049
-1.208
-0.075
-2.116
-2.433
-0.418
-1.381
1.210
-1.599
0.090
-1.559
-1.699
-0.065
3.160
0.374
1.346
3.422
2.242
-2.317
-0.582
1.455
-0.116
-0.401
0.493
-0.220
1.074
1.053
-3.513
1.241
0.707
1.652
-0.303
1.035
-0.788
2.492
-0.171
0.515
0.782
1.381
0.251
2.504
-0.163
0.340
-1.418
-0.324
0.877
1.197
0.373
-1.448
1.644
0.958
1.339
-0.864
0.884
-0.840
-2.798
-1.055
-0.759
1.013
0.150
-0.191
0.028
1.695
-2.781
0.297
-0.560
-1.595
-1.295
0.403
-0.488
-1.602
0.156
0.728
1.134
0.643
1.223
0.525
-0.995
2.058
-0.912
-0.648
-1.088
3.040
1.534
-0.565
2.131
-0.722
-1.789
0.595
0.312
-1.771
0.856
0.230
-0.030
-0.384
2.241
-0.239
-1.167
0.145
-0.217
0.039
2.499
-0.381
-0.284
2.097
0.886
1.352
1.111
-0.865
-2.626
2.150
-2.681
-1.317
-0.704
-3.821
0.921
0.817
-0.313
-0.734
0.573
0.927
-0.298
-0.442
-0.089
0.093
1.794
1.023
0.466
0.397
-0.361
-0.326
-1.234
1.587
-1.046
-0.120
0.736
0.570
-0.139
0.371
0.490
0.689
-0.758
-1.104
-0.862
0.494
-0.641
-0.958
0.165
-0.476
-1.310
-0.013
0.248
-0.514
-1.667
0.915
-0.408
1.202
-1.307
-0.260
0.842
-0.743
-1.360
-0.782
0.005
-0.165
-0.026
-0.724
-1.461
0.081
1.749
-0.526
-0.521
-0.328
0.195
-0.632
1.005
-1.068
-0.647
-0.135
-1.107
-0.120
0.504
0.970
0.661
0.363
-1.398
-0.001
0.312
2.070
1.236
1.555
0.012
-0.303
-1.123
-0.322
0.317
0.774
1.442
-0.746
1.376
-0.344
-1.363
-0.151
-0.694
0.361
0.224
-1.769
0.758
-0.141
-1.923
-0.310
-0.725
-0.400
0.253
-1.328
-0.051
-0.635
-0.602
2.437
0.443
-0.592
0.593
-0.095
-0.033
0.386
-0.708
0.721
0.859
0.058
1.830
-1.135
-0.174
-0.789
0.140
1.404
-1.157
-1.187
-1.008
-0.483
-3.088
1.262
0.649
0.062
-0.149
1.536
-0.124
1.244
0.321
-0.952
0.194
1.154
-0.456
0.876
2.731
0.953
0.888
1.170
-0.806
0.600
1.675
0.966
-0.120
0.998
0.130
0.823
2.053
-0.842
0.124
-1.807
-0.258
-0.281
-0.621
-2.253
-0.643
0.629
0.228
-0.408
-0.224
0.107
0.473
0.194
-0.048
-1.534
0.850
-1.957
0.557
0.845
1.082
0.375
0.891
0.742
0.678
-0.365
-1.324
-0.358
-0.902
-0.258
-0.607
0.873
-0.590
-2.112
-1.447
1.182
-2.202
-0.109
3.064
-0.326
1.026
-0.902
0.117
-0.297
1.176
0.432
-0.588
0.118
1.045
2.795
0.699
0.584
-0.894
0.852
1.428
1.310
-0.716
-0.098
1.467
1.929
-0.838
1.479
2.308
0.693
-0.327
-0.406
0.261
0.591
-0.413
0.213
-0.866
1.725
0.642
-0.005
-0.482
2.700
-0.628
-1.284
-0.524
-1.877
-0.170
0.500
0.789
-0.867
0.711
-0.909
0.200
0.532
2.125
0.350
0.762
-0.626
-0.278
-1.467
0.087
-0.002
1.542
1.397
0.710
-0.750
-1.599
0.912
0.633
0.495
-0.837
-1.276
-1.441
-1.090
-2.208
-0.146
0.315
-0.999
-0.755
-0.658
-0.040
-1.256
0.957
0.654
-0.030
2.518
0.942
-0.723
-0.213
-0.778
0.486
-0.189
-0.864
0.046
0.570
-1.631
-0.298
1.719
-0.811
0.398
-0.749
2.203
0.568
-1.476
0.586
0.939
1.613
2.198
-0.683
-0.133
-1.318
-0.862
-1.326
0.106
0.561
0.563
-1.782
1.581
0.291
-0.716
0.660
-1.392
0.819
-0.213
0.873
-1.158
-0.992
-0.506
1.085
-0.413
1.005
0.682
1.417
1.238
0.026
-0.211
1.518
2.392
0.753
0.160
-0.506
-0.988
0.054
-0.583
0.864
-0.086
-2.463
0.108
0.371
-0.210
1.664
-2.748
1.144
0.529
-0.935
1.782
-1.345
1.322
-0.468
-0.670
2.057
-0.417
3.271
-0.193
-1.000
0.970
-1.265
1.063
0.063
-1.967
0.999
0.274
-1.195
0.087
-2.407
-1.685
0.309
-0.181
-2.435
1.755
-0.090
1.106
0.514
-1.158
-1.341
0.544
0.626
3.546
-0.381
-2.004
1.498
1.666
-2.164
0.144
1.697
-1.042
-1.982
-2.500
-0.525
-0.987
0.140
0.215
3.009
-0.324
-2.262
-0.138
0.282
-0.950
1.735
-0.246
0.605
2.658
0.162
0.481
-1.634
-0.771
1.347
1.213
0.579
-3.217
-0.490
-0.451
2.215
0.329
1.748
-0.260
0.463
1.844
0.108
-0.506
0.168
-0.916
0.003
3.562
-0.828
-1.084
-1.495
0.382
-0.822
0.704
-0.551
0.727
-0.595
-1.455
0.696
1.249
1.021
0.642
0.166
0.482
0.816
1.360
0.061
-1.656
-1.424
-1.080
0.439
-0.866
-0.713
-0.308
1.013
0.244
2.078
-0.886
1.034
-0.114
0.630
0.012
-2.223
0.595
-0.401
0.818
0.995
3.828
-1.149
-1.021
-2.915
0.821
-0.210
0.798
-0.684
-1.492
2.710
0.333
-0.810
-0.865
-0.879
-1.204
-1.147
-0.257
-0.270
-0.082
-0.037
0.255
-0.814
-0.461
1.455
-1.904
-0.557
-0.484
1.848
-0.127
0.857
1.564
1.468
-0.300
-0.155
-0.506
0.113
1.559
-1.300
1.353
1.749
0.219
-1.087
-0.236
-0.907
-1.535
-0.832
-3.212
0.138
0.332
-1.548
-2.157
-0.088
-0.959
-1.043
-0.653
-0.669
0.990
-0.415
-0.106
-0.056
0.832
-0.101
-0.732
0.555
-0.116
-0.735
-2.118
0.318
0.637
0.271
0.752
-0.165
-0.816
-2.545
0.997
0.283
0.867
-0.896
0.373
-1.970
-1.249
0.419
0.161
0.654
0.260
-0.723
0.499
-0.569
-1.044
0.384
-0.530
0.110
0.490
1.082
-0.125
0.216
1.653
1.254
-1.143
0.640
-0.356
0.106
-0.143
-1.771
0.075
1.064
-0.703
0.796
-0.426
0.691
-0.263
-0.417
-0.679
0.723
2.386
0.692
-1.524
1.094
-1.771
0.931
1.230
0.909
-0.236
-0.924
-0.020
0.269
0.312
1.202
2.530
-0.241
-0.271
0.890
-1.099
-0.381
1.019
-0.953
0.665
-0.143
0.932
0.383
-0.388
0.277
0.397
-0.199
0.026
-1.901
-0.224
-0.689
-0.226
-1.488
-0.870
0.802
-1.893
0.834
-0.559
-0.442
1.146
0.253
-0.516
0.113
-0.068
-1.959
0.985
0.226
0.716
-1.129
0.856
-1.321
0.006
-0.916
-0.140
1.598
0.112
-0.516
0.792
0.550
1.113
-1.476
-0.047
-1.017
0.733
0.265
-1.023
0.966
1.360
-1.705
-0.824
0.373
-1.167
-0.413
-0.609
0.969
0.055
0.845
1.512
0.156
0.748
0.024
-0.823
0.326
-0.641
0.746
1.567
-0.131
0.948
-1.001
0.669
0.879
0.622
0.526
0.217
2.317
-1.682
-0.144
0.607
-0.764
-0.164
0.969
1.157
-1.214
0.184
0.927
-0.802
0.290
-0.508
0.368
-0.024
0.548
0.695
1.243
-0.792
1.702
-0.581
2.648
-1.405
0.391
1.684
1.033
-1.724
-0.294
1.634
1.804
-0.797
1.381
0.120
-1.732
0.397
1.178
0.142
0.184
1.165
-1.716
-0.715
0.406
-0.397
-0.437
-0.291
0.669
-1.994
1.822
0.258
0.582
-0.700
-1.240
1.369
-0.110
-0.901
1.827
-0.450
-0.584
-0.710
0.220
-2.431
1.444
-0.171
-1.090
-0.027
-0.484
0.345
-1.220
-0.455
1.158
1.558
2.335
-1.140
-0.973
-0.296
0.985
-2.341
-1.992
0.546
0.604
-0.156
-1.516
-1.080
-0.725
0.659
0.612
0.571
-0.638
-0.607
1.919
-2.021
0.076
0.357
0.085
0.232
-0.161
0.357
-0.207
0.439
-0.412
-0.275
0.533
-0.137
-0.991
-1.105
0.439
0.350
0.911
0.561
0.085
-0.266
0.920
0.476
-0.136
-0.297
0.041
-1.477
-0.549
-1.479
-0.854
-0.056
0.266
-2.224
0.286
1.442
1.353
0.499
2.011
-0.063
-0.595
-1.467
-0.392
0.871
1.882
-0.613
-0.543
1.896
-1.971
-0.601
1.767
-0.042
0.223
0.993
-0.195
0.642
1.376
0.234
0.927
-0.036
0.014
-1.503
0.874
-0.107
-0.664
1.220
1.239
-0.254
0.110
-0.351
-1.653
0.431
0.139
1.672
0.409
-0.605
0.150
1.820
0.302
0.279
0.715
0.710
1.134
0.495
-0.136
-0.723
-1.448
0.316
0.845
0.178
0.150
0.206
-0.880
1.018
0.471
-0.316
-0.335
1.762
-0.208
0.286
1.368
-0.259
-1.072
0.229
-1.668
-0.092
1.094
-1.239
0.817
-0.992
0.297
-0.687
1.015
-0.868
-0.551
-1.058
-0.520
0.124
0.699
2.329
-0.621
-0.320
-0.295
-0.718
0.208
1.800
-0.383
-1.381
0.258
-0.227
-2.014
0.608
2.540
-0.378
-0.273
0.971
-1.269
0.972
0.871
0.640
0.786
0.105
-1.129
0.872
1.366
-0.358
-1.564
-0.201
0.444
-0.721
-0.189
-0.415
-1.681
-2.433
-0.958
0.200
0.376
1.088
1.973
-0.968
-1.040
0.047
0.557
-1.699
0.445
1.916
-0.731
-3.827
0.799
-0.557
-1.192
1.166
-0.041
-1.379
-1.092
1.992
0.358
-0.840
-2.280
0.348
-0.211
-0.419
-1.834
0.997
-1.766
2.062
-1.685
-1.189
3.010
-1.156
2.630
0.811
-3.477
-1.367
2.266
0.641
0.692
-1.155
0.829
-0.691
-0.896
-0.977
-0.189
0.978
-0.114
1.315
1.530
-0.925
4.312
1.587
-1.559
0.729
1.146
0.431
-1.890
-3.126
-0.872
1.484
0.478
-1.462
0.589
2.188
0.368
1.027
-0.118
-1.584
0.101
-3.197
-1.505
-0.355
-3.402
0.677
-0.079
-0.265
0.784
-0.618
-1.162
1.188
0.594
-0.566
0.139
1.434
-0.806
0.524
1.845
-1.176
-0.084
-0.593
-1.989
-0.064
0.648
0.184
-0.466
-0.350
-1.049
0.216
-0.811
-1.675
-0.597
-0.065
-0.829
-1.039
0.653
1.626
-1.692
-0.269
0.198
-0.949
0.839
0.757
-1.571
-0.164
-1.242
0.709
0.226
0.854
-0.455
-0.842
2.627
-0.418
0.373
1.562
-2.325
1.172
-0.432
0.581
1.102
-0.117
0.810
0.434
-0.331
-0.163
-0.702
0.565
0.156
2.140
-1.903
0.245
-0.133
-0.010
0.411
-0.053
-1.001
0.078
-1.277
2.339
-1.493
1.413
0.369
0.537
-1.060
1.380
-0.194
0.631
-0.753
-0.623
-0.988
1.052
-0.261
-1.130
-0.177
0.930
-0.851
0.687
1.014
0.674
0.324
1.015
1.255
-1.086
-1.479
-0.572
1.970
0.543
-0.321
0.197
-0.393
0.716
0.506
0.747
0.446
0.772
-0.513
0.349
0.020
0.858
1.399
-0.648
0.248
0.571
-0.359
0.993
-0.343
-0.137
0.728
-1.669
-0.717
-0.256
0.863
-1.451
0.161
-0.243
1.492
-0.313
0.567
-0.564
-0.207
1.789
-0.456
-0.287
-0.114
0.838
-1.852
1.749
-0.830
-0.682
-1.333
-1.132
0.072
-1.628
0.319
0.380
0.934
0.306
-0.610
0.553
-1.323
0.083
-0.076
-1.277
-1.163
-0.815
0.510
1.485
-0.076
-1.024
0.985
0.862
-0.142
1.770
-0.329
-0.743
-1.723
2.429
-0.315
1.300
-0.585
-0.553
0.562
-2.087
-0.846
1.317
-0.890
0.959
0.835
-0.068
-1.148
-0.223
-1.702
-1.043
-1.749
-1.509
-0.385
-1.685
0.853
-0.580
-1.022
-0.080
0.588
-0.516
2.214
0.599
1.161
-0.844
-1.400
-0.932
0.260
1.103
-0.897
-0.692
-0.410
1.073
0.231
-1.237
0.356
-0.403
0.218
-0.499
0.123
-0.065
0.236
0.869
-0.568
0.622
0.937
-0.965
2.379
0.297
0.314
-2.524
0.349
-1.728
-1.714
-1.166
0.660
-0.244
1.156
-1.028
0.623
0.578
-0.958
-0.922
0.467
-0.682
-0.285
0.421
-0.173
1.715
-0.620
1.225
0.288
1.163
0.712
-1.401
0.293
-0.108
1.176
0.209
-1.279
-0.411
1.200
-0.435
-0.516
-0.428
1.112
-1.134
-0.414
-0.003
0.922
-1.112
-0.504
-0.904
2.299
-0.026
0.171
-0.168
-0.465
-0.743
0.707
-0.532
-0.824
0.859
-0.990
0.159
-0.516
-0.136
0.627
1.509
-0.977
-1.552
-0.599
-1.007
-1.406
0.869
1.387
-1.229
0.946
-1.983
-0.538
0.521
1.038
-1.411
-0.434
0.100
-0.352
0.175
1.572
0.711
-0.455
2.715
0.009
1.378
-2.132
-0.288
-0.739
-2.199
0.572
-0.125
1.689
2.170
0.343
1.558
-0.030
0.465
-1.253
1.117
0.611
1.156
0.218
-1.644
-0.600
-0.620
-0.251
2.148
0.644
-0.382
-0.398
-0.044
0.675
-0.363
-0.481
-1.670
-3.017
0.264
-1.089
0.217
-0.190
-0.432
2.050
-1.169
1.080
0.581
1.088
-0.053
0.874
0.637
2.650
-1.333
-0.764
1.008
0.001
-2.090
0.035
0.926
0.545
-1.039
0.273
-1.754
1.471
0.666
-0.545
-0.189
1.821
-1.110
0.158
1.688
1.017
-0.107
-2.432
1.524
0.576
0.353
2.283
0.197
-1.491
-0.639
-1.094
0.535
1.644
0.167
-0.248
-1.434
-1.703
0.911
-2.156
-1.073
1.017
1.987
-0.639
0.173
0.064
0.957
-2.260
0.753
0.104
0.094
0.094
0.961
-0.057
-1.528
2.229
-0.877
-1.012
1.000
0.730
1.339
-0.955
-0.420
-0.601
-2.355
-1.972
0.718
-0.408
0.432
-0.283
-0.466
0.702
-1.926
1.033
2.193
0.404
-1.014
-0.401
-1.558
-1.365
-1.229
-0.488
-1.361
1.099
-1.594
1.893
0.050
0.645
2.712
2.014
-0.585
0.969
-3.154
-0.202
-0.749
1.355
-0.712
-0.749
2.227
1.059
-1.760
-0.597
-1.132
0.642
-0.436
-0.010
0.436
-0.734
1.722
2.060
0.741
1.557
-1.476
0.076
0.326
3.327
0.539
1.067
-0.016
-1.661
-1.168
2.647
-0.088
-0.231
-0.540
-1.311
-0.268
-1.896
0.521
-0.359
2.051
0.859
-0.438
1.653
-2.456
0.640
0.304
1.686
1.421
0.655
0.023
0.289
1.132
0.633
1.135
0.815
1.200
1.309
-0.954
0.259
-0.196
1.914
-2.532
-1.449
-2.098
-4.014
-1.457
-1.857
-0.939
-0.514
-0.221
0.236
0.925
-0.367
1.144
2.587
-0.652
0.075
-1.299
-1.561
-2.788
1.520
-0.306
-2.407
-0.093
-1.995
-0.145
1.909
-1.170
-0.611
0.723
2.524
0.385
0.562
-1.811
-0.230
-0.348
0.253
-2.300
1.986
0.779
-0.254
1.560
-0.222
1.096
-0.577
-2.020
-0.633
-0.344
1.179
2.291
0.016
0.015
-1.212
0.167
0.180
0.724
0.949
2.461
-0.960
1.445
-2.172
-0.181
0.465
-0.085
0.322
-0.332
-0.796
-0.485
-1.973
1.986
-1.136
0.684
-1.010
-1.198
-0.401
-0.884
-1.176
-0.585
0.321
1.803
-0.389
0.146
-0.421
1.584
0.783
-0.113
-0.088
-0.131
-0.333
0.847
-0.945
-1.609
0.768
0.546
-0.308
0.617
1.013
-0.058
0.177
0.908
0.011
2.614
0.230
0.250
0.729
-3.105
0.550
1.838
0.597
-0.407
-0.526
-0.066
-0.429
1.061
0.117
0.440
-1.547
0.713
-1.304
0.238
-1.201
2.000
0.503
-0.465
0.319
0.065
1.558
-0.157
1.124
0.060
1.225
-1.127
0.056
0.317
1.098
-0.432
-0.561
-0.881
-0.053
-0.071
-1.273
0.350
-0.789
-0.689
-0.606
0.722
0.591
-0.529
-0.612
0.483
-0.594
-0.655
-0.479
-0.975
-2.513
0.252
-0.544
1.381
-0.238
1.578
-2.340
-0.120
-1.493
0.235
0.407
-1.500
0.068
-0.375
-0.723
-1.561
0.065
-1.382
0.806
0.364
-0.262
0.053
-0.814
-1.221
0.626
1.145
-0.094
-0.557
0.941
-0.133
-1.471
-0.899
1.600
2.325
-0.653
-0.640
-1.321
0.309
-1.348
-0.909
-0.028
0.828
-0.727
-0.593
0.821
-2.161
-1.082
-1.500
-0.146
-1.031
-0.237
-1.482
0.417
-0.200
0.693
0.725
-0.790
-1.415
1.286
0.874
0.033
-0.741
0.005
0.098
0.236
0.555
1.244
-0.229
1.514
0.372
-0.408
-1.121
-1.373
0.802
2.266
0.903
1.309
0.702
0.662
0.184
-0.644
0.004
0.173
-0.245
-1.290
-0.424
0.579
-0.802
-1.673
-0.034
-0.052
-0.329
-0.813
0.516
1.704
-0.377
-0.145
-0.013
-0.533
-1.151
0.116
-0.481
0.178
0.723
0.647
0.243
0.065
0.311
0.484
-0.026
-0.337
1.037
1.496
1.166
0.792
-1.430
1.930
-0.227
-0.267
0.152
-1.079
-1.765
0.291
0.362
0.386
-0.133
-2.866
1.535
0.999
1.019
-0.050
-1.318
-0.878
-0.733
0.500
1.051
-0.396
-0.808
-0.874
0.453
1.105
-1.695
-0.722
-0.772
-1.080
1.293
-0.168
-0.790
1.148
-1.323
1.015
-0.241
0.193
-2.556
0.032
1.444
1.222
0.923
-0.954
0.276
-0.733
-1.309
-0.003
0.971
-1.046
0.422
0.143
0.564
-0.472
0.929
0.562
1.176
-0.137
1.329
-0.661
-1.388
-2.552
-0.647
-0.242
1.803
-1.236
0.043
-1.345
0.272
1.145
1.893
-0.303
-0.121
-0.268
0.269
1.326
-0.869
0.762
0.313
-2.071
0.368
-0.141
0.262
0.151
2.149
0.779
-1.669
-1.126
-0.192
-0.287
0.120
0.466
0.637
1.380
-0.040
-1.602
1.666
-1.704
-0.054
-1.437
1.351
1.415
-0.671
-1.080
-2.527
1.217
1.056
-0.879
0.235
-1.780
-1.229
1.307
0.313
-0.523
-0.801
0.140
1.061
-0.336
0.099
0.340
0.483
-2.226
-2.541
-0.580
-0.465
-0.745
-0.141
-0.537
0.092
-0.096
-1.931
-1.267
1.296
-0.985
0.506
1.122
1.589
-0.702
-0.735
-2.148
-0.436
-1.408
-1.035
0.413
0.189
1.985
-0.187
2.540
-0.571
0.607
2.081
1.606
1.251
0.949
0.617
0.052
-0.349
-2.126
0.513
0.584
-2.739
-0.097
-1.038
1.911
-0.378
-0.456
-1.066
-1.267
-0.990
0.506
-0.836
-0.223
-0.753
-1.006
-1.385
0.379
0.178
0.768
0.134
-0.693
0.233
0.663
-1.284
1.438
0.447
-0.243
-0.183
0.220
-2.118
-1.437
0.877
0.765
-0.492
0.442
1.331
1.656
0.060
-1.105
0.994
-1.979
0.577
-0.483
2.275
0.513
-0.901
0.654
0.415
2.625
-1.192
1.971
2.471
-2.270
-1.740
2.562
-0.556
0.970
-0.985
-0.046
0.139
-1.308
0.172
0.033
1.642
-0.464
0.272
2.140
-0.358
1.986
0.942
1.608
1.468
0.621
0.088
-1.401
-0.547
2.770
-1.211
0.429
1.491
-0.206
-0.111
0.634
0.827
0.008
0.464
-0.991
-0.994
-0.637
0.618
-2.485
-1.367
-1.954
-0.072
0.653
1.160
1.331
0.090
0.468
1.820
1.033
-0.667
0.995
-0.192
0.044
-1.081
-0.638
0.113
-1.676
0.380
3.476
0.494
-1.761
0.723
1.954
-0.779
1.147
-1.958
1.134
0.608
2.532
0.103
0.367
1.586
-1.610
-0.247
-1.046
0.665
-1.280
-1.295
0.496
1.404
-0.450
1.475
-0.906
1.224
-2.318
-0.198
2.001
1.189
0.507
2.788
-1.410
0.980
-2.116
1.534
3.533
-1.561
0.487
0.464
0.756
0.490
-0.370
1.215
-1.992
0.077
-0.295
0.033
-2.276
-0.424
-1.890
-0.535
0.367
1.116
-2.113
1.941
0.773
3.526
0.657
1.133
0.776
0.979
-0.435
1.751
-0.284
-2.957
-0.044
0.905
0.601
0.794
1.238
0.705
-0.705
-1.025
1.587
3.876
0.320
-0.336
0.926
-2.680
-1.013
0.620
0.800
-0.025
-0.265
0.931
-0.031
-0.440
-0.148
1.342
-2.143
0.586
0.035
-0.495
-0.038
2.358
-0.275
-0.100
0.017
-0.622
0.606
-0.125
1.962
0.695
0.491
-1.472
-1.368
0.659
2.552
-0.298
-0.609
-0.626
-0.741
-1.877
-0.172
-0.429
1.320
-0.139
0.063
-1.702
0.734
0.245
-2.004
0.428
0.145
-1.213
-1.031
-0.096
-3.415
-0.290
-1.942
0.333
0.713
1.430
-0.006
2.516
0.860
0.936
1.011
-0.844
0.609
-0.908
0.968
-1.021
-0.081
-1.687
0.593
0.969
0.176
-0.124
-0.581
-0.539
-0.493
2.000
0.663
0.466
0.359
1.396
-0.573
-0.890
0.159
-2.002
2.533
-0.457
0.409
1.501
1.072
1.412
-0.370
-0.688
-0.457
-0.168
1.846
-1.278
-1.196
-1.064
-0.342
-1.031
-0.030
-0.471
0.058
0.614
0.794
-1.084
0.153
-1.713
0.385
0.973
0.344
-2.079
-0.772
0.787
2.484
-0.878
2.793
1.457
1.459
2.527
1.859
-1.878
-0.348
0.929
0.451
0.138
2.254
-0.733
0.657
0.059
0.033
-0.598
-1.243
-1.164
-1.480
-0.468
1.250
-1.616
-1.537
-1.813
2.218
-1.343
0.666
1.836
1.856
0.397
-0.353
0.226
0.366
-0.252
2.200
-2.108
-0.844
-0.245
-0.835
-0.575
-0.707
0.651
0.876
0.220
-0.568
0.297
1.351
0.752
-0.097
-0.528
2.159
-0.796
0.377
0.357
-1.380
-0.816
0.011
0.882
0.799
-1.755
-2.404
-0.444
0.164
-0.400
-0.111
1.302
0.466
0.679
1.507
1.537
-1.279
0.750
-0.825
0.626
-0.559
-1.591
-0.085
-0.336
-1.280
0.615
-2.306
-0.115
1.148
-0.168
2.328
-0.821
2.051
-2.658
-1.005
1.240
-0.157
1.263
-0.264
0.810
0.270
-1.095
1.911
1.307
-1.656
1.617
1.468
0.606
-1.374
0.364
0.414
2.704
0.271
1.629
0.339
-1.954
-3.271
-0.001
0.371
3.345
-1.080
-0.748
-0.485
0.011
-0.216
1.325
-0.178
-0.146
-0.020
-0.286
1.188
-0.618
1.454
-0.116
-1.531
0.242
0.302
0.537
-0.580
3.500
0.963
-0.814
-0.562
1.182
0.243
0.201
1.882
-1.180
1.993
-1.618
-2.326
0.301
0.957
-1.185
-1.450
1.750
0.735
-0.337
-1.980
-1.206
1.118
1.475
-0.279
-0.171
-0.428
-0.196
-0.458
0.000
0.827
-0.009
-0.222
1.089
-0.524
1.958
0.155
0.875
-1.621
-0.797
-0.350
-0.584
-1.237
-0.238
-0.694
-1.604
-0.574
-1.689
-1.426
1.129
-1.625
0.022
0.458
1.644
-0.626
-0.431
-2.494
0.980
-1.457
-0.202
-1.382
-0.692
1.544
-0.015
1.554
0.504
-0.302
0.898
1.357
1.350
0.211
0.435
-0.434
-0.627
-0.230
1.962
0.346
-1.780
0.848
-1.252
2.391
-0.616
-0.387
0.468
-2.472
-0.719
1.217
0.372
-0.955
-1.319
-0.249
-0.245
-0.010
-0.695
1.251
-2.243
-1.180
1.695
-0.560
-0.875
0.836
0.019
-1.417
-0.812
-0.270
-0.793
-1.264
-0.081
2.288
-1.253
-0.594
2.157
-0.701
-0.469
1.526
-1.304
-0.664
0.399
-1.572
1.925
2.934
2.301
0.825
0.356
-0.597
-0.392
1.931
0.673
0.619
0.007
2.006
0.559
-1.571
0.245
-1.934
-0.660
-0.682
-0.374
0.605
3.179
-0.988
1.927
-2.437
1.486
-0.376
1.111
-2.610
-1.183
1.030
-0.389
-0.190
-1.329
1.586
-2.087
2.271
2.184
-2.014
2.443
3.259
3.104
0.016
1.600
2.059
-0.522
-0.941
1.474
-5.179
1.019
1.192
0.193
-1.104
0.589
-0.513
0.355
-0.909
1.329
1.400
1.787
0.515
-1.101
-3.070
-1.133
-1.007
-0.129
-0.145
-1.676
-0.216
-0.913
-0.498
0.087
1.249
-1.491
2.094
-0.350
1.227
-0.107
2.387
0.674
0.798
0.906
-1.117
-2.114
-0.740
-0.609
0.797
-0.605
0.484
-0.603
1.044
0.805
0.374
-1.118
-1.679
0.526
1.443
-0.953
1.253
2.205
-0.213
3.822
-1.368
-0.566
-0.141
-0.932
-0.312
1.921
-1.778
-0.914
-0.069
0.100
1.106
0.565
-0.534
0.338
0.169
-0.778
0.547
-0.106
-2.155
-2.774
0.285
1.046
-0.930
0.832
0.243
2.168
0.765
0.308
0.772
0.985
0.172
-0.052
-0.386
0.569
1.377
0.781
0.611
0.263
1.231
0.212
-0.087
-0.571
-0.632
-0.796
-0.222
-0.901
-0.668
0.233
0.147
2.089
1.372
0.637
-0.447
0.390
0.557
-1.201
-1.318
-0.103
-1.100
-0.810
-0.906
0.513
1.950
-0.553
0.118
0.638
1.280
0.585
0.795
0.083
-0.419
-0.889
1.164
0.280
1.659
-1.873
-0.165
-0.681
-0.085
0.114
-2.333
-0.935
-0.177
1.319
1.204
-0.480
-1.342
0.487
-2.226
-0.131
-0.705
-0.511
1.064
-0.112
-0.843
-0.453
-0.311
0.050
0.571
-0.538
2.216
0.444
-0.928
2.282
0.131
-0.800
1.302
0.673
0.894
0.442
-0.258
-1.453
-0.494
-0.324
0.464
-0.270
0.653
-1.200
0.184
1.874
1.237
0.134
1.016
0.572
1.086
-1.791
0.224
-0.621
1.914
1.503
-0.664
-0.549
-0.978
0.642
-0.294
0.909
0.734
-1.601
-1.647
-1.637
-0.438
1.518
-0.366
1.528
2.102
0.104
0.439
1.349
-0.211
0.214
-0.375
-0.307
0.890
0.488
1.758
-1.645
0.177
0.340
0.166
-0.583
0.787
0.361
-0.327
0.277
0.630
-0.544
-0.650
-0.165
0.090
0.681
0.830
-0.176
0.770
-0.451
-0.564
-0.153
0.230
-0.624
-0.965
1.845
-0.452
2.145
1.530
-0.384
0.670
0.908
-0.848
0.893
1.880
0.171
-0.011
-0.231
1.199
0.934
-1.181
-2.655
0.988
-1.740
-0.838
1.299
-1.824
-0.672
-1.265
0.516
0.872
0.604
0.647
2.100
0.488
-0.633
1.991
-2.219
1.208
-0.325
-2.368
1.137
1.285
-0.649
2.091
-1.730
-2.286
0.900
-1.219
0.290
-0.796
0.073
1.003
-1.884
0.787
1.272
1.169
-0.181
1.062
1.305
1.302
-2.018
1.108
-0.450
-2.038
-1.401
-0.150
-0.909
-0.634
0.276
-2.196
0.469
0.408
-1.329
-1.231
3.078
-0.036
0.720
1.045
0.195
0.189
-2.955
0.741
1.675
-0.406
0.046
1.687
0.844
-0.009
0.158
-0.010
0.757
-1.495
1.871
2.232
0.216
-1.285
-1.549
-1.181
2.383
2.428
0.034
0.042
0.332
-1.928
1.042
1.748
0.850
-1.105
-0.627
0.397
-0.665
-1.037
0.941
-0.007
2.222
0.463
0.201
1.157
0.370
1.774
-1.452
-0.012
0.351
0.683
0.877
1.425
-1.595
1.552
0.363
0.643
-0.081
-0.692
-2.462
0.783
1.452
0.872
-1.855
-0.175
-0.357
-0.787
0.700
-0.547
-0.658
1.243
-0.248
1.091
-1.993
0.587
-0.414
0.269
1.250
0.562
-0.781
-0.686
0.307
-1.092
-0.391
-1.850
1.917
0.692
2.291
-1.414
0.742
-0.410
2.257
-1.652
0.767
-0.928
0.089
-0.341
0.037
-0.338
0.625
-1.964
0.793
-2.514
-0.567
0.229
-0.509
1.884
-1.031
1.715
1.046
1.115
0.785
1.167
1.899
0.349
1.463
0.309
-0.063
-1.771
1.604
2.539
0.158
-0.741
-0.606
1.520
-0.539
0.324
0.000
-1.847
-0.481
2.816
-0.024
0.038
1.896
1.014
0.946
0.036
-0.138
-0.072
-0.304
2.218
0.224
-0.837
-1.154
1.479
-1.067
-1.879
0.066
-0.279
0.196
0.277
2.348
1.982
-2.499
0.297
2.166
-0.867
-0.181
1.411
-0.677
-2.418
-1.710
-1.418
3.015
2.748
0.696
1.054
0.601
0.604
-1.285
-0.700
0.804
-0.142
0.691
-0.042
1.711
-0.622
0.281
-3.317
1.567
0.590
2.158
0.079
0.800
-0.278
1.109
-1.000
0.015
0.646
0.850
-0.244
0.710
0.314
0.952
1.535
2.540
3.747
-2.438
3.706
4.040
-1.575
0.941
0.884
-0.230
-1.124
0.035
-0.058
0.507
-0.976
0.627
-3.186
0.855
-0.978
0.303
1.731
-0.794
-0.303
-0.082
1.311
1.835
1.157
1.090
1.638
-0.654
-1.874
-0.090
0.156
0.231
-0.942
2.031
0.407
0.772
-1.062
-1.162
0.992
-2.146
3.862
-1.015
1.048
-0.600
2.174
-0.650
0.655
1.773
-1.189
0.213
-0.512
1.471
-1.331
-2.284
1.221
-0.175
0.120
0.514
-1.313
-0.649
-3.217
0.400
1.737
2.305
0.786
2.183
2.125
1.452
-2.894
-1.076
1.578
-0.298
0.793
0.010
-0.654
-0.095
0.283
1.072
-1.901
-1.231
0.128
0.361
0.106
-1.858
-1.043
0.334
-0.033
1.126
-2.210
1.756
1.004
3.013
0.075
0.322
0.911
0.149
-0.154
1.355
1.427
-1.990
-0.670
0.930
1.570
-0.932
1.062
-1.548
-0.476
-0.734
1.088
2.571
-0.561
-1.059
0.478
-2.479
-0.497
0.907
-0.202
-1.356
1.783
0.605
-0.107
0.552
-0.992
0.303
-1.526
0.271
0.406
-2.136
-2.311
2.268
0.971
0.724
1.220
0.251
0.820
0.587
1.301
0.306
-0.229
1.226
-1.149
-0.310
-0.427
0.531
-0.129
-1.857
0.366
-0.633
-0.955
0.023
-1.114
-0.724
0.977
-0.468
-1.242
0.138
-2.885
0.139
0.345
-0.408
1.119
0.727
-2.447
0.110
-1.216
0.636
-0.046
-0.090
0.720
1.164
0.441
0.365
1.525
0.112
0.282
0.282
1.404
0.706
-1.459
-1.240
0.389
0.229
-0.148
-1.266
0.268
-1.108
0.583
3.135
0.395
2.109
2.059
0.979
-1.428
-0.375
-0.521
-2.722
0.704
-0.786
0.085
0.002
-0.325
1.394
-0.306
-0.469
0.409
0.680
0.340
-1.642
-1.703
0.409
-0.527
0.404
0.831
2.438
-1.071
0.888
-0.950
0.467
-1.080
-0.520
-0.736
0.686
1.463
-0.952
-2.110
-1.060
2.722
-0.553
3.225
1.492
1.490
1.410
1.619
-1.185
1.182
0.202
0.846
-0.345
-0.371
0.251
-1.587
0.996
-0.846
-0.851
0.158
-1.067
0.196
-1.118
-1.661
-1.118
-0.393
0.075
2.320
1.305
1.074
1.013
0.328
1.257
-0.358
1.635
1.633
-0.656
-1.067
-3.461
-0.281
-1.848
-0.984
-0.470
-1.644
0.516
-0.367
0.389
0.448
2.195
0.188
-1.946
0.206
-0.442
2.361
-1.481
1.070
1.310
-3.212
-1.017
0.594
1.859
1.317
-2.532
-1.527
-0.130
-1.346
-0.358
-0.574
1.028
1.779
-0.730
1.132
0.841
0.186
1.416
1.021
0.053
-0.374
-1.864
1.000
0.848
-1.465
-0.945
-0.780
0.383
0.021
0.716
0.405
-0.868
-1.194
-1.078
-1.605
2.124
0.141
0.210
-1.122
0.616
0.219
-2.913
0.595
-0.657
-1.831
-0.807
1.014
1.429
0.790
-0.351
-0.270
2.569
-0.371
0.144
0.838
-1.770
-2.664
-1.666
-0.685
1.638
1.678
0.834
0.040
2.547
0.877
-1.562
0.112
-0.200
-0.616
-0.797
1.552
-0.742
-0.444
-0.292
0.590
0.932
0.591
2.048
0.488
1.741
0.626
-0.809
-0.955
0.688
0.294
1.585
1.830
-0.685
1.493
0.126
-1.945
1.969
-0.221
-1.988
0.229
2.228
0.446
-1.438
-1.368
-0.058
0.961
0.904
0.937
-0.345
0.153
-0.066
0.062
-1.826
0.581
-1.167
1.031
0.368
-0.394
0.667
-2.478
1.000
-1.898
0.207
-0.096
2.686
0.305
1.731
-1.157
-0.247
-1.848
0.085
-1.190
1.231
-1.310
-0.842
0.477
1.587
0.196
-0.680
-1.265
0.384
-2.989
-0.485
-0.628
-0.233
1.108
-1.527
2.755
-1.816
-0.036
-1.252
0.231
2.089
1.149
1.033
0.131
0.096
-1.605
0.361
1.474
0.945
-1.295
0.611
4.188
-1.083
0.238
-1.629
-1.250
-0.582
2.020
1.966
-1.607
-0.259
-0.003
1.399
0.040
-0.624
-0.928
1.130
-1.456
-0.102
-0.624
-0.227
0.794
0.312
-1.268
1.646
-0.715
0.973
-1.247
2.260
2.081
-2.055
1.683
-1.367
-0.795
-1.538
0.617
0.818
-0.392
-2.193
-0.352
1.204
0.153
3.219
1.882
-0.053
-1.005
-0.938
-0.277
1.002
0.198
1.986
0.257
1.685
1.118
0.821
-2.233
0.551
2.277
0.836
1.548
-3.030
-2.294
-0.353
0.116
-0.264
0.071
-0.530
-0.725
0.078
-0.582
-0.696
-0.308
-0.158
2.264
-1.009
2.171
1.217
-0.952
0.129
2.238
-0.569
-1.213
1.375
-0.008
3.206
0.027
-0.022
-3.176
1.372
1.923
0.934
-0.531
-3.915
1.009
-1.077
-0.576
-1.395
3.019
2.179
-0.876
-1.009
-0.811
0.323
1.578
-0.732
-2.675
1.375
2.345
1.816
0.311
1.069
0.235
-0.519
1.636
-0.687
1.501
1.076
1.455
-0.310
-1.308
2.231
-0.145
2.201
0.423
-1.099
0.173
-2.152
-0.901
1.034
-0.637
-1.023
-1.743
-0.729
-1.991
0.227
0.692
2.351
1.611
0.354
0.868
1.453
-1.173
-2.485
0.869
0.665
-0.142
1.147
-0.127
-0.072
-0.507
-0.654
0.283
-0.333
-1.089
0.392
-1.898
-0.882
0.435
0.685
0.495
0.457
-0.674
0.188
0.610
1.491
0.522
-0.110
1.081
-0.326
-0.529
-0.558
1.026
-1.969
0.477
-1.578
0.609
-0.075
0.078
1.302
0.564
-2.140
0.426
2.654
0.082
-0.868
-0.674
-1.601
-0.861
-1.201
0.409
-0.475
0.225
-0.808
-0.472
-0.971
-2.168
0.255
0.059
-1.418
-0.565
0.264
-1.340
2.394
0.155
-0.550
2.670
1.536
-0.225
-0.650
1.811
0.142
-0.983
0.620
-0.956
-0.563
-0.140
0.007
0.375
-2.759
0.130
-2.297
0.455
-0.198
0.697
0.690
1.120
-0.675
0.249
2.118
-1.916
0.741
0.558
-0.462
-1.003
2.194
-0.783
1.039
-1.786
0.139
-0.743
0.188
0.383
1.718
0.964
0.005
-0.122
0.742
-0.046
-1.480
0.599
0.957
0.355
0.646
-0.885
0.181
-1.331
-0.553
-0.511
-0.626
0.824
2.512
0.228
3.214
1.878
-0.018
-0.791
1.450
-1.760
-1.182
1.064
0.113
0.370
-0.648
0.330
-0.052
-0.962
0.963
-0.184
-0.315
1.354
-0.489
-0.139
0.349
-0.235
1.586
-1.030
1.622
-1.002
1.076
-1.644
0.407
0.600
-0.939
0.344
0.597
1.157
-0.608
-1.819
-2.639
1.992
-0.521
3.052
1.465
1.107
0.620
0.018
-1.571
1.160
2.340
-0.169
0.173
0.420
-1.273
-0.574
-0.643
-0.083
-1.578
-0.999
-0.927
0.364
-0.653
-0.444
1.038
-0.120
-0.531
1.454
-0.915
0.606
-0.432
-0.295
0.379
-1.169
0.425
1.654
0.464
1.107
-2.110
-1.273
-1.521
-0.600
0.195
-0.904
0.369
-0.459
-0.200
-1.320
0.529
-0.487
-0.988
0.273
0.150
1.691
-0.436
-1.503
-0.327
-1.745
-0.952
1.248
0.617
0.381
-2.045
-1.628
-0.461
-0.284
0.122
0.478
0.053
1.746
1.424
1.771
0.078
-1.331
-0.034
-0.213
0.940
-0.503
-1.510
0.310
0.120
-0.188
-0.406
-1.387
1.461
-0.645
-1.627
-0.420
-2.337
-1.209
0.697
-2.374
1.808
-1.771
1.002
0.991
0.349
-0.107
-0.774
0.256
-0.851
-0.344
0.445
1.742
0.102
-0.699
-0.569
-1.265
0.099
1.154
-0.998
2.297
-2.059
-0.920
-0.005
1.983
0.360
1.678
0.522
-0.351
0.558
1.391
-0.050
1.813
-0.755
-0.316
-0.292
1.146
-0.976
-1.901
-1.123
0.027
0.164
-0.034
1.529
-0.208
1.716
0.090
-0.642
0.012
-0.488
0.283
1.571
0.267
-0.472
1.278
0.792
-1.855
0.437
0.524
-1.725
0.696
0.452
-1.236
-2.438
-1.433
-0.454
-0.067
-0.223
0.865
-1.376
1.546
-0.920
-0.595
0.075
1.980
-0.996
-2.204
-1.597
0.003
-1.079
-0.764
0.397
-0.651
0.083
1.948
2.440
-0.009
1.641
0.904
-0.985
-0.943
-1.053
-0.200
0.762
-0.619
-0.814
0.178
0.963
0.017
-0.692
-1.401
-0.606
-2.425
1.771
-0.198
-0.493
0.675
-0.137
1.338
-0.525
-0.933
-0.842
0.141
-0.279
-0.277
-0.857
-0.239
0.511
-1.073
1.245
1.084
0.083
-0.208
0.769
-0.622
0.827
-1.809
-1.542
0.855
0.355
-0.950
-2.461
2.828
0.011
0.476
0.989
1.077
0.892
-0.816
-0.307
0.465
-0.334
0.707
1.875
0.679
-0.724
-0.709
-0.420
-0.893
1.196
-1.007
0.813
0.412
-1.296
1.001
2.037
0.848
1.553
2.672
1.061
-0.650
-1.469
-0.633
0.419
1.181
0.511
-0.751
1.842
-1.450
1.222
-0.146
-1.697
1.757
2.065
-0.611
1.880
-0.386
-0.148
1.430
-0.142
0.231
-0.029
0.076
-1.036
0.304
-0.926
-2.805
0.448
-1.632
-1.269
-0.787
-1.803
-0.179
2.034
1.690
2.118
-0.692
-1.184
0.259
0.730
-0.381
0.177
-0.070
-2.981
1.119
-0.686
0.361
-1.081
-0.779
0.265
2.089
-0.209
0.892
0.797
2.046
-1.333
-1.371
-0.832
-2.510
-0.022
3.151
1.833
1.669
0.568
-0.243
2.254
1.079
0.595
0.383
-0.151
-0.586
-1.521
0.842
-0.546
-0.635
-0.735
1.994
1.103
0.280
-1.390
-0.722
1.059
-1.213
-1.455
0.269
0.760
0.933
0.180
-0.695
0.609
-1.235
0.301
1.328
0.475
0.382
-1.413
0.666
0.195
1.080
0.661
-0.227
0.853
0.999
0.255
-1.595
-1.005
-0.708
0.599
2.574
0.471
-0.690
1.013
1.280
0.852
0.261
-0.270
0.021
0.934
0.829
-0.675
-0.892
1.494
-2.357
1.089
0.396
0.805
0.626
1.176
-0.445
-0.703
1.687
-0.415
-0.613
-1.071
1.133
-1.087
-1.436
-0.095
-0.158
-1.161
-0.776
-0.151
0.549
-0.516
0.327
-0.528
-0.228
-0.783
0.241
-0.647
-0.229
-1.080
0.259
-1.139
1.086
0.282
0.653
-0.620
-1.285
-1.308
0.002
-0.904
-0.746
-0.656
-0.499
-0.503
-0.348
-1.301
0.523
-0.616
0.948
-1.300
0.334
1.021
-1.069
1.617
1.109
0.274
-1.297
1.233
-0.591
-0.119
-0.419
0.643
-0.196
0.970
0.664
-0.788
-1.146
0.070
-1.184
0.502
0.325
-2.010
-0.024
-0.062
-0.098
0.598
-0.972
0.246
-0.141
-0.728
-1.469
0.887
0.075
0.554
-0.739
-0.455
-0.090
1.641
-0.063
0.586
-0.435
0.989
-0.486
0.008
0.287
1.885
-0.721
-1.470
-0.091
0.608
0.619
0.265
-0.685
1.793
0.822
1.297
-1.026
1.347
-0.369
-1.117
1.531
-1.650
-0.319
0.772
-0.338
0.063
0.471
-0.593
-0.344
-0.148
-0.499
-0.124
-1.143
0.273
-0.038
1.454
-0.083
-0.193
-0.765
-1.497
-2.181
1.024
-1.388
-0.702
-0.621
-2.337
-1.174
-0.453
0.412
-1.073
-0.025
1.520
-1.297
-0.591
-0.157
-2.340
0.254
-0.522
0.359
1.044
2.028
-2.746
-1.340
-1.291
0.584
0.815
0.190
0.638
1.220
2.083
-0.538
0.355
-0.765
0.650
-0.332
1.803
0.049
1.034
2.107
1.715
-1.103
-0.013
0.361
1.224
-0.286
0.090
-1.364
0.226
-0.116
-1.886
1.809
0.332
-1.043
-0.641
0.060
0.668
1.676
1.013
0.093
-0.855
-1.201
0.364
-0.207
1.247
0.465
-0.929
0.136
0.104
0.176
1.853
0.788
-0.280
0.136
1.350
-0.449
-0.217
-1.138
-1.073
0.010
0.586
-1.148
-0.702
1.519
-0.922
-0.155
1.227
-0.201
-0.380
0.017
-0.517
-0.429
-1.516
0.452
1.958
-1.625
1.664
-1.702
-0.652
-1.088
-0.094
-0.774
0.671
-0.341
-0.103
-0.440
-0.666
0.527
-1.318
-1.071
-1.221
-1.343
-1.272
-0.472
1.515
2.287
0.642
0.515
1.309
0.183
0.235
-0.585
-0.488
-0.905
0.470
-0.438
-1.864
1.653
1.839
-0.642
0.191
1.449
-2.601
-2.157
-0.563
0.332
-1.435
-0.379
-0.100
-1.177
-0.963
2.567
0.462
0.460
-0.195
0.222
-0.140
-0.100
-0.018
-1.342
1.635
-0.805
0.887
0.622
-0.301
0.633
2.330
-0.146
0.979
1.043
1.853
1.429
-0.171
1.193
-0.509
-0.540
0.876
1.483
-0.031
2.120
1.197
1.763
1.018
-0.060
-0.035
0.922
-2.427
0.494
-0.570
0.503
-0.384
-0.272
0.043
-2.041
0.468
-0.357
1.616
-0.427
-0.686
0.185
1.464
0.094
-0.882
-0.721
1.922
-1.007
-0.277
-0.382
-0.034
-0.711
-1.081
1.445
-0.062
-2.196
-0.626
0.009
-2.350
-0.818
0.395
0.842
-2.355
-1.221
-1.769
-0.132
-1.145
-1.065
-0.153
0.461
-0.124
-1.339
1.036
-0.497
-0.147
-1.087
1.380
-0.720
2.616
-1.362
-1.723
1.133
-1.280
-0.467
-2.198
3.585
0.318
0.267
2.257
1.596
0.206
-0.286
-1.242
0.383
0.577
0.923
2.727
-1.662
-1.034
-0.553
-1.747
0.867
0.570
0.042
0.654
0.211
-1.941
1.032
0.952
1.464
2.258
1.462
0.745
-0.708
0.053
1.670
0.107
0.283
1.354
-1.251
2.114
-1.471
1.777
0.505
-1.169
2.053
0.945
0.091
1.282
1.607
1.414
-0.264
-2.062
-0.576
-1.459
-1.053
-1.051
1.178
-1.970
-2.851
1.313
-1.467
-0.613
-0.088
-1.366
1.534
2.224
1.982
3.123
-2.298
-1.024
-1.687
0.937
-0.666
-0.771
0.178
-3.390
0.155
0.288
-0.644
-1.040
-1.841
-0.443
2.147
-2.070
-0.648
1.286
1.097
-1.650
-1.194
-0.746
-0.639
-0.448
2.795
1.267
2.574
-0.262
-0.050
2.575
1.361
0.810
-0.240
0.171
-0.898
-1.570
0.663
-0.160
-0.325
-0.302
2.136
-0.434
0.622
0.155
-1.354
1.937
-0.920
-1.430
-1.028
1.497
0.875
-1.941
-0.664
-0.422
-0.077
-0.126
1.125
0.850
1.308
-0.765
0.171
-1.435
0.519
-0.897
0.659
0.016
-0.308
1.688
-1.471
1.013
-0.175
1.002
0.013
1.706
-0.502
1.735
-0.914
0.783
0.575
-0.446
0.030
1.698
0.498
1.998
0.566
-1.676
-0.366
-0.779
-1.666
-0.240
-1.211
-0.090
-1.728
2.032
0.577
-0.394
0.111
-1.388
0.751
-0.869
0.404
-0.900
0.247
-0.140
-1.762
1.247
0.127
-0.788
0.163
0.553
0.182
-1.575
-1.480
-1.226
0.088
1.250
-1.334
-1.428
1.870
-1.536
0.429
-0.895
0.942
-0.623
1.266
-0.100
-0.130
-1.393
1.023
-0.416
0.728
-0.629
2.121
-0.889
-1.028
0.139
-1.176
-1.267
-0.273
0.325
-1.278
-0.416
-1.292
1.462
-0.467
-0.566
0.706
-0.465
0.140
1.500
0.812
1.104
0.722
-0.804
-2.446
0.066
0.562
-0.166
1.271
0.734
2.151
0.846
-0.044
-1.448
0.172
-0.169
-1.436
-1.184
-0.759
-2.006
0.013
-0.440
1.135
0.532
2.106
0.938
0.797
-0.443
-1.340
-0.756
0.719
0.965
-1.502
-0.703
-0.035
0.165
-0.222
0.704
0.107
1.921
-0.109
0.670
-1.793
1.565
-0.747
-0.785
0.286
-0.008
0.254
0.978
0.015
0.562
-1.279
-0.142
-2.060
0.008
0.534
-0.015
-0.086
-0.643
0.011
0.187
-0.524
0.451
-0.587
0.192
-0.787
-0.799
-1.754
-0.588
0.266
-0.172
0.149
-0.671
-0.929
-0.584
-0.632
1.085
1.702
0.334
0.569
-2.222
-0.667
0.442
0.237
1.322
-0.532
0.497
-0.146
-0.563
0.077
0.567
-0.289
-0.061
0.390
-0.164
0.628
0.626
-0.648
0.854
-1.433
1.085
-1.242
0.368
0.573
1.309
0.506
-0.549
0.248
0.819
0.531
0.089
-0.182
0.212
-1.022
-0.628
0.249
-0.540
-0.687
0.179
-0.059
0.729
1.328
-0.174
0.555
0.478
-1.533
0.210
0.729
1.302
-0.013
-1.139
-1.419
0.420
0.411
0.554
-0.275
-0.688
-0.772
0.793
0.489
0.905
-0.062
-0.306
-0.352
1.188
0.671
0.085
1.075
-0.525
-0.782
0.707
0.002
-1.787
-2.295
0.129
-0.880
-0.687
0.863
2.111
-0.172
1.294
-0.692
-0.737
-0.463
1.588
-1.932
-0.631
-0.518
0.269
-0.867
-0.320
0.103
-0.681
-2.276
-1.338
-0.906
-0.723
-0.075
1.217
1.323
1.394
0.835
0.238
-0.023
-0.364
-1.514
-1.720
0.542
-0.511
-0.192
-0.210
1.630
1.769
-0.460
-1.650
0.337
-1.985
-1.542
-0.951
-0.073
0.318
-0.938
-1.803
0.580
0.863
1.770
0.523
-0.242
-0.453
0.246
0.086
0.689
-0.428
-1.721
0.723
0.879
0.266
0.396
0.397
0.073
0.226
0.402
0.442
0.504
0.972
0.469
-0.952
0.027
0.317
-0.209
0.486
1.099
-1.673
0.836
1.106
0.803
0.421
1.727
-0.036
0.184
-0.917
0.173
-0.072
1.076
-0.310
-0.607
-0.191
-1.321
0.426
-0.203
-0.802
-0.005
-1.915
-0.016
0.723
-0.122
-1.609
-0.499
1.220
0.165
-1.111
-0.989
0.478
0.250
-0.555
-0.380
0.325
-1.734
1.180
-0.892
-0.016
-0.749
0.435
0.625
-2.345
-1.461
0.078
-0.104
-0.415
-1.537
0.981
0.710
-0.943
